0.1	0.99	1.0219965
0.189	1.0070780035	0.995729853345
0.27080780035	1.04804529404	0.971077115583
0.348531549719	1.11076127262	0.948016677318
0.42475452201	1.1939383566	0.926604426011
0.501672905469	1.296994445	0.906963193129
0.581205059422	1.41994292548	0.889281154484
0.665078846027	1.5633123658	0.873816806218
0.754902198004	1.7280897483	0.860909371838
0.852220953033	1.91568244248	0.850994306385
0.958567101978	2.12789513312	0.844624135402
1.07549990509	2.36691868124	0.842495312421
1.20464178271	2.63532843157	0.845482170609
1.34771044759	2.93608981492	0.854679428518
1.50654838433	3.27256923815	0.871455117345
1.68315046971	3.64854820039	0.897516248349
1.87969024278	4.06823830095	0.934990046178
2.09854504859	4.53629426925	0.986524140042
2.34231997066	5.05782128667	1.05540972
2.61387010226	5.63837159295	1.14573230085
2.91632025133	6.28392355159	1.26255532971
3.25308058136	7.00083382968	1.41214231418
3.62785590619	7.79574992676	1.60222324451
4.04464530824	8.67546573062	1.84231052472
4.50772735048	9.64669683342	2.14406792067
5.02162429878	10.7157447871	2.52173242081
5.59103634761	11.8880102149	2.99258226117
6.22073373434	13.1673039282	3.57743306439
6.91539075373	14.554893749	4.30112584192
7.67934105326	16.0482145638	5.19294259226
8.51622840431	17.6391641407	6.28684394263
9.42852197795	19.311914463	7.62136532152
10.4168612265	21.0401993678	9.2389316079
11.4791950406	22.7841118331	11.1842576718
12.6096867198	24.4865825742	13.5014061553
13.7973763053	26.069944011	16.2290050041
15.0246330758	27.4333330454	19.3931457185
16.2655030728	28.4521479901	22.9976881527
17.4841675645	28.9812776974	27.0122248153
18.6338785778	28.8641691889	31.3589439344
19.6569076389	27.9496259628	35.9011151388
20.4861794713	26.1170147979	40.437664559
21.049263004	23.3078423663	44.7095705692
21.2751209402	19.5575224867	48.4232953624
21.1033610948	15.0168664735	51.292732637
20.4947116327	9.95114833151	53.0938190146
19.4403553026	4.70873100351	53.7172660162
17.9671928727	-0.337884194188	53.2000205689
16.136685166	-4.86224165181	51.7204677154
14.0367924842	-8.64131643044	49.5564782141
11.7689815928	-11.58074138	47.0218432849
9.43400929548	-13.703611201	44.4048354032
7.12024724584	-15.1142087858	41.9277584885
4.89680164267	-15.9547575381	39.7333761348
2.8116457246	-16.369770118	37.892414164
0.893504140333	-16.4842120568	36.4215635366
-0.844267479376	-16.3946169551	35.3029133199
-2.39930242695	-16.1690146633	34.499799041
-3.77627365058	-15.8513746805	33.9676329618
-4.98378375358	-15.4675067826	33.660307476
-6.03215605649	-15.0307342304	33.5334541657
-6.93201387388	-14.5466402975	33.5457942883
-7.69347651624	-14.0167386651	33.6595030783
-8.32580273113	-13.4411587382	33.8401786287
-8.83733833183	-12.820505399	34.056745426
-9.23565503855	-12.1570452598	34.2814434635
-9.52779406067	-11.4553423575	34.4899401294
-9.72054889035	-10.7224408037	34.6615348549
-9.82073808169	-9.96767864327	34.7793918209
-9.83543213785	-9.20221554258	34.8307250534
-9.77211047832	-8.43836206	34.8068672811
-9.63873563649	-7.68880384858	34.7031741938
-9.4437424577	-6.96581457031	34.5187440146
-9.19594966896	-6.28054302839	34.2559626998
-8.9044090049	-5.64244241692	33.9199117504
-8.57821234611	-5.05888483776	33.5176938547
-8.22627959527	-4.53497649392	33.0577388434
-7.85714928514	-4.07356299053	32.5491487944
-7.47879065568	-3.67539394865	32.0011289214
-7.09845098497	-3.33940395326	31.4225338323
-6.7225462818	-3.0630630272	30.8215408078
-6.35659795634	-2.84275301027	30.2054461441
-6.00521346173	-2.67413413564	29.5805692752
-5.67210552913	-2.5524762354	28.9522429557
-5.36014259975	-2.47293924771	28.3248657817
-5.07142226455	-2.43079658607	27.7019946814
-4.8073596967	-2.42160172829	27.0864584425
-4.56878389986	-2.44130293965	26.4804777014
-4.35603580384	-2.48631360039	25.8857812167
-4.16906358349	-2.55354659155	25.3037121423
-4.0075118843	-2.64042108082	24.7353211205
-3.87080280395	-2.74484926409	24.1814452948
-3.75820744996	-2.86520949405	23.6427738511
-3.66890765437	-3.00031099684	23.1199015892
-3.60204798862	-3.14935419101	22.6133724536
-3.55677860886	-3.31188955829	22.1237150596
-3.5322897038	-3.48777710847	21.6514721583
-3.52783844427	-3.67714773268	21.1972257875
-3.54276937311	-3.8803671393	20.7616196071
-3.57652914973	-4.09800259157	20.3453796708
-3.62867649391	-4.33079229303	19.9493346522
-3.69888807382	-4.57961697118	19.574436339
-3.78696096356	-4.84547297088	19.2217810278
-3.89281216429	-5.12944596694	18.8926322977
-4.01647554456	-5.43268422504	18.5884454909
-4.1580964126	-5.75637016801	18.3108940829
-4.31792378815	-6.10168883188	18.0618979592
-4.49630029252	-6.46979161567	17.8436534142
-4.69364942483	-6.86175354076	17.6586644369
-4.91045983643	-7.27852204253	17.509774512
-5.14726605704	-7.72085513144	17.4001977274
-5.40462496448	-8.18924660462	17.3335474095
-5.68308712849	-8.68383589811	17.3138597665
-5.98316200545	-9.20430019927	17.3456090867
-6.30527582484	-9.74972666632	17.4337098847
-6.64972090898	-10.3184631359	17.5835000006
-7.01659513167	-10.907946683	17.8006970562
-7.4057302868	-11.51451101	18.0913189216
-7.81660835912	-12.1331760955	18.4615570752
-8.24826513276	-12.7574270615	18.9175902049
-8.69918132563	-13.3789940313	19.4653244823
-9.1671625962	-13.9876509898	20.1100472287
-9.64921143555	-14.5710592792	20.8559829787
-10.1413962199	-15.1146899938	21.7057462309
-10.6387255973	-15.6018683076	22.6596945786
-11.1350398683	-16.0139900644	23.7152004815
-11.6229348879	-16.3309642984	24.8658802629
-12.093737829	-16.5319313518	26.1008445832
-12.5375571813	-16.5962909153	27.404063494
-12.9434305547	-16.5050438864	28.7539665841
-13.2995918878	-16.2424043063	30.1234171887
-13.5938731297	-15.7975744431	31.4801991378
-13.814243261	-15.1665048432	32.7881244542
-13.9494694193	-14.353396635	34.0088030482
-13.9898621408	-13.371666525	35.1040109451
-13.9280425792	-12.2441085221	36.038464686
-13.7596491735	-11.0020666527	36.7826834812
-13.4838909214	-9.68357955108	37.315535086
-13.1038597844	-8.33064716583	37.6260530692
-12.6265385225	-6.9859561972	37.7142025576
-12.06248029	-5.68952910713	37.5904492258
-11.4251851717	-4.47578776847	37.2742102721
-10.7302454314	-3.37143419398	36.7914741246
-9.99436430766	-2.39437310143	36.1720086733
-9.23436518703	-1.55368905236	35.4466035726
-8.46629757357	-0.850505593912	34.6447159763
-7.7047183756	-0.279439110502	33.7927477357
-6.96219044909	0.169670179844	32.91302515
-6.2490043862	0.510027645803	32.0234220082
-5.573101183	0.756351187115	31.1374856933
-4.94015594599	0.923642927534	30.2648967329
-4.35377605863	1.02629592888	29.412102536
-3.81576885988	1.07751275173	28.582999135
-3.32644069872	1.08898352366	27.779575152
-2.88489827648	1.07076138657	27.0024694916
-2.48933231018	1.03127603226	26.2514232534
-2.13727147594	0.977435386013	25.5256259078
-1.82580078974	0.914776940472	24.8239670171
-1.55174301672	0.847641135783	24.1452098122
-1.31180460147	0.779348286877	23.4881038544
-1.10268931263	0.712367542756	22.8514525979
-0.921183627095	0.648471385369	22.2341491563
-0.764218125849	0.588872597581	21.6351907861
-0.628909053506	0.534342845917	21.0536799767
-0.512583863564	0.485313381945	20.4888178012
-0.412794139013	0.441959140212	19.9398933923
-0.32731881109	0.404267901135	19.4062720541
-0.254160139868	0.372096333983	18.8873835336
-0.191534492483	0.345214731887	18.3827112942
-0.137859570046	0.323342159455	17.8917831787
-0.0917393970956	0.306173593611	17.4141635632
-0.0519480980249	0.29340047515	16.9494469391
-0.0174132407074	0.284725918262	16.4972527733
0.0128006751895	0.279875658017	16.0572214618
0.0395081734723	0.278605657726	15.6290111914
0.0634179218977	0.280707152868	15.212295535
0.0851468449947	0.286009777769	14.8067616317
0.105233138272	0.294383306215	14.4121088273
0.124148155066	0.305738437459	14.0280476736
0.142307183306	0.320026974124	13.6542992108
0.160079162387	0.337241667101	13.2905944722
0.177795412859	0.357415943591	12.9366741713
0.195757465932	0.380623686503	12.5922885403
0.214244087989	0.406979195149	12.2571973042
0.233517598705	0.436637427257	11.931169781
0.25382958156	0.469794599452	11.6139851081
0.27542608335	0.506689206492	11.305432603
0.298552395664	0.547603507541	11.0053122697
0.323457506852	0.59286551982	10.7134354749
0.350398308148	0.642851555255	10.4296258188
0.379643632859	0.697989333569	10.1537202392
0.41147820293	0.758761705048	9.88557039244
0.446206553142	0.825711017418	9.6250443691
0.484156999569	0.899444163405	9.37202881245
0.525685715953	0.980638348154	9.12643152589
0.571180979173	1.07004761823	8.88818467282
0.621067643079	1.16851019597	8.65724869606
0.675811898368	1.27695666364	8.43361711207
0.735926374896	1.39641904064	8.21732236876
0.80197564147	1.52804079259	8.00844299721
0.874582156582	1.67308780217	7.80711233742
0.954432721141	1.83296031655	7.61352917876
1.04228548068	2.00920586158	7.42797072859
1.13897751877	2.20353307715	7.25080841023
1.24543307461	2.41782637391	7.0825270963
1.36267240454	2.65416123609	6.92374850799
1.49182128769	2.91481988672	6.77525965802
1.6341211476	3.20230688253	6.63804738651
1.79093972109	3.5193639989	6.51334023669
1.96378214887	3.86898348335	6.40265914036
2.15430228232	4.25441837295	6.30787862807
2.36431389138	4.67918805502	6.23130053717
2.59580130775	5.14707655984	6.17574244503
2.85092883295	5.66212015726	6.14464327468
3.13204796538	6.22857962211	6.14218865466
3.44170113106	6.85089096141	6.17345858457
3.78262011409	7.53358637456	6.24459963582
4.15771674014	8.28117466089	6.36302311705
4.57006253222	9.09796712421	6.53762907568
5.02285299141	9.9878312251	6.77905329497
5.51935081478	10.9538498692	7.09993002306
6.06280072023	11.9978595531	7.51515629135
6.65630660352	13.1198362095	8.04213338846
7.30265956411	14.3170946406	8.70094621497
8.00410307176	15.5832678912	9.51442066049
8.7620195537	16.907040036	10.5079718854
9.57652160193	18.2706245594	11.7091224292
10.4459318977	19.6480177235	13.1465304417
11.3661404803	21.0031208608	14.8483310255
12.3298385183	22.2879268233	16.8395702593
13.3256473488	23.4411105201	19.1385243069
14.3371936659	24.3875484156	21.7517795862
15.3422291409	25.0394923929	24.6681496713
16.3119554661	25.300277581	27.8518664182
17.2107876776	25.0714382891	31.2360271527
17.9968527387	24.2637781438	34.7179543202
18.6235452792	22.8121200163	38.1587428998
19.0424027529	20.6920807324	41.3894747271
19.2073705509	17.935482221	44.2258867871
19.0801817179	14.6395611984	46.4913169168
18.636119666	10.9649887167	48.044648374
17.869006571	7.11979417192	48.8067460204
16.7940853311	3.33063741659	48.7773065925
15.4477405397	-0.192027556226	48.0357659155
13.8837637301	-3.28518041442	46.7249881199
12.1668693156	-5.85206171933	45.0227259999
10.3649762121	-7.8646739285	43.1099571958
8.54201119807	-9.35217065822	41.1450430555
6.75259301244	-10.3815000014	39.2488412924
5.03918371105	-11.0372734725	37.5010542514
3.4315379927	-11.405676316	35.9447126476
1.94781656183	-11.5642453857	34.5946770451
0.59661036707	-11.5770551436	33.4467867215
-0.620756183994	-11.4937806864	32.4856910084
-1.70805863423	-11.3509976752	31.6906459836
-2.67235253833	-11.1744493011	31.0393381511
-3.5225622146	-10.9814829778	30.5101396821
-4.26845429092	-10.7832469161	30.0832638268
-4.91993355344	-10.5864912827	29.7412211462
-5.48658932637	-10.3949594465	29.468871115
-5.97742633837	-10.2104189262	29.2532650578
-6.40072559716	-10.0334017413	29.0834007489
-6.76399321157	-9.8637222148	28.9499569644
-7.07396611189	-9.70082996806	28.8450431132
-7.33665249751	-9.54404360492	28.7619792379
-7.55739160825	-9.39269940008	28.6951105651
-7.74092238743	-9.24624017856	28.6396550426
-7.89145416654	-9.10426257638	28.5915797186
-8.01273500753	-8.96653570827	28.5475009959
-8.1081150776	-8.83300054722	28.50460389
-8.18060362456	-8.70375667766	28.4605759534
-8.23291892987	-8.57904121774	28.413552227
-8.26753115866	-8.45920338598	28.3620682975
-8.28669838139	-8.34467724281	28.3050192117
-8.29249626753	-8.23595444829	28.2416225834
-8.28684208561	-8.1335583601	28.1713847243
-8.27151371306	-8.03802039504	28.094069031
-8.24816438126	-7.94985925829	28.0096661691
-8.21833386896	-7.86956338419	27.9183658321
-8.18345682048	-7.79757671882	27.8205300083
-8.14486881032	-7.73428780091	27.7166677968
-8.10381070938	-7.68002195915	27.6074118615
-8.06143183435	-7.63503633917	27.4934966291
-8.01879228483	-7.59951739976	27.375738324
-7.97686479633	-7.57358047287	27.2550168979
-7.93653636398	-7.55727096295	27.1322598718
-7.89860982388	-7.55056676415	27.0084280591
-7.86380551791	-7.55338149524	26.8845030909
-7.83276311564	-7.56556818777	26.7614766243
-7.80604362285	-7.58692310805	26.6403410772
-7.78413157137	-7.6171894456	26.5220817082
-7.76743735879	-7.65606065549	26.4076698375
-7.75629968846	-7.70318329686	26.2980569985
-7.7509880493	-7.75815926361	26.1941698004
-7.75170517073	-7.82054735394	26.0969052892
-7.75858938905	-7.8898641715	26.0071265987
-7.7717168673	-7.96558439403	25.9256586968
-7.79110361997	-8.04714048304	25.8532840453
-7.81670730628	-8.13392194267	25.7907380133
-7.84842876992	-8.22527426638	25.7387039012
-7.88611331956	-8.3204977373	25.6978074601
-7.92955176134	-8.41884627246	25.6686108155
-7.97848121245	-8.51952652188	25.6516057379
-8.03258574339	-8.62169745166	25.6472062358
-8.09149691422	-8.72447065362	25.6557404858
-8.15479428816	-8.82691163333	25.6774421608
-8.22200602268	-8.92804233101	25.7124412641
-8.29260965351	-9.02684512474	25.7607546337
-8.36603320063	-9.1222685509	25.8222763379
-8.44165673566	-9.21323494999	25.8967682435
-8.51881455709	-9.29865020572	25.9838511032
-8.59679812196	-9.37741568938	26.0829965616
-8.6748598787	-9.44844244807	26.1935205392
-8.75221813563	-9.51066758555	26.3145784895
-8.82806308063	-9.5630726768	26.4451630544
-8.90156404024	-9.60470393639	26.5841046441
-8.97187802986	-9.63469372887	26.730075445
-9.03815959976	-9.65228287372	26.8815973028
-9.09957192716	-9.65684306572	27.0370538339
-9.15529904101	-9.64789861407	27.1947069888
-9.20455899832	-9.62514661126	27.3527181227
-9.24661775961	-9.58847458743	27.5091734289
-9.28080344239	-9.53797469844	27.6621133676
-9.306520568	-9.47395354567	27.8095654883
-9.32326386577	-9.39693683722	27.949579812
-9.33063116291	-9.30766827601	28.0802657351
-9.32833487422	-9.20710229356	28.1998292446
-9.31621161615	-9.09639052951	28.3066091328
-9.29422950749	-8.97686226857	28.3991108584
-9.2624927836	-8.84999936672	28.4760367536
-9.22124344191	-8.7174065031	28.5363114061
-9.17085974803	-8.58077785771	28.5791012564
-9.111851559	-8.44186151511	28.6038277285
-9.04485255461	-8.30242301367	28.610173533
-8.97060960051	-8.16420948714	28.5980821249
-8.88996958918	-8.02891577975	28.5677506347
-8.80386420823	-7.89815376318	28.5196168965
-8.71329316373	-7.77342585958	28.4543414461
-8.61930643331	-7.65610349882	28.3727855437
-8.52298613986	-7.54741093548	28.2759863747
-8.42542861943	-7.44841454566	28.165130606
-8.32772721205	-7.36001743886	28.0415274236
-8.23095623473	-7.28295897392	27.9065820623
-8.13615650865	-7.21781857375	27.7617706844
-8.04432271516	-7.16502309797	27.6086172759
-7.95639275344	-7.12485695637	27.4486730338
-7.87323917373	-7.09747412559	27.2834985266
-7.79566266892	-7.08291125902	27.1146487341
-7.72438752793	-7.08110114456	26.9436609212
-7.66005888959	-7.09188585717	26.7720451781
-7.60324158635	-7.11502906109	26.6012773662
-7.55442033382	-7.15022703145	26.4327941473
-7.51400100359	-7.19711807874	26.2679897322
-7.4823127111	-7.25529016686	26.1082139707
-7.45961045668	-7.32428661172	25.9547714025
-7.44607807218	-7.40360983193	25.8089208992
-7.44183124816	-7.49272319408	25.671875547
-7.44692044275	-7.59105105518	25.5448024422
-7.46133350399	-7.69797715347	25.4288220939
-7.48499786894	-7.81284154049	25.3250071571
-7.51778223609	-7.93493628237	25.2343802391
-7.55949764072	-8.06350019065	25.1579105484
-7.60989789571	-8.19771287379	25.0965091807
-7.66867939352	-8.33668843181	25.0510228603
-7.73548029735	-8.47946914972	25.0222259885
-7.80987918259	-8.62501958018	25.0108108868
-7.89139322235	-8.77222144266	25.0173761691
-7.97947604438	-8.91986980307	25.0424132351
-8.07351542025	-9.06667103243	25.0862909482
-8.17283098147	-9.2112430717	25.1492386526
-8.27667219049	-9.3521185476	25.2313277852
-8.3842168262	-9.48775128537	25.3324524682
-8.49457027212	-9.61652674152	25.4523096006
-8.60676591906	-9.7367768254	25.5903791254
-8.71976700969	-9.84679948536	25.7459053035
-8.83247025726	-9.94488329622	25.9178799821
-8.94371156115	-10.0293370946	26.1050289822
-9.05227411449	-10.0985244656	26.3058028405
-9.15689914961	-10.1509025919	26.5183731949
-9.25629949383	-10.1850646383	26.7406360949
-9.34917600827	-10.1997844867	26.9702234168
-9.43423685611	-10.194062267	27.2045233624
-9.51021939721	-10.1671687945	27.4407107039
-9.57591433693	-10.1186867457	27.6757870082
-9.63019157781	-10.0485462366	27.9066305435
-9.67202704369	-9.95705243175	28.1300549603
-9.70052958249	-9.8449029565	28.3428751984
-9.71496691989	-9.71319321688	28.5419784406
-9.71478954959	-9.5634082585	28.7243973834
-9.69965142048	-9.39740049461	28.8873826913
-9.6694263279	-9.21735346184	29.0284712855
-9.62421904129	-9.02573265397	29.1455471587
-9.56437040256	-8.82522535965	29.2368916967
-9.49045589827	-8.61867220271	29.3012210374
-9.40327752871	-8.40899367199	29.3377087567
-9.30384914304	-8.19911526835	29.3459930765
-9.19337575557	-7.99189495035	29.3261687568
-9.07322767505	-7.79005632388	29.2787647688
-8.94491053993	-7.59613052174	29.2047096587
-8.81003253811	-7.41240901528	29.1052871318
-8.67027018583	-7.24090876918	28.9820847701
-8.52733404416	-7.08335027846	28.8369389235
-8.38293566759	-6.94114819793	28.6718787022
-8.23875692063	-6.81541355658	28.4890716852
-8.09642258422	-6.70696599371	28.2907734994
-7.95747692517	-6.6163540825	28.0792828796
-7.8233646409	-6.54388162482	27.8569032546
-7.6954163393	-6.48963778875	27.625911366
-7.57483848424	-6.45352908873	27.3885329566
-7.46270754469	-6.43531143876	27.1469251877
-7.3599679341	-6.43462080276	26.9031651652
-7.26743322096	-6.45100128686	26.659243778
-7.18579002755	-6.48392983708	26.417063957
-7.11560400851	-6.53283699903	26.1784424449
-7.05732730756	-6.59712345145	25.9451141963
-7.01130692195	-6.6761722339	25.7187385955
-6.97779345314	-6.76935675032	25.5009067631
-6.95694978286	-6.87604474708	25.2931493119
-6.94885927928	-6.99559854268	25.0969439999
-6.95353320562	-7.1273718335	24.9137228019
-6.97091706841	-7.27070342495	24.7448779819
-7.00089570406	-7.42490824706	24.5917667921
-7.04329695836	-7.58926601683	24.4557144543
-7.09789386421	-7.7630079127	24.3380150923
-7.16440526906	-7.94530163564	24.2399302921
-7.24249490572	-8.13523525155	24.1626849603
-7.3317689403	-8.33180024531	24.107460151
-7.4317720708	-8.53387427049	24.0753825314
-7.54198229077	-8.74020415271	24.0675101638
-7.66180447696	-8.94938979821	24.0848143171
-7.79056300909	-9.15986977216	24.1281570675
-7.9274936854	-9.3699094377	24.1982645447
-8.07173526063	-9.57759268148	24.2956958083
-8.22232100271	-9.78081838227	24.4208075267
-8.37817074067	-9.97730289291	24.573714874
-8.53808395589	-10.1645898819	24.75424937
-8.70073454849	-10.3400688969	24.9619147572
-8.86466798333	-10.5010039402	25.1958424375
-9.02830157902	-10.6445731585	25.4547484539
-9.18992873697	-10.7679204124	25.7368944792
-9.34772790451	-10.8682189929	26.0400557158
-9.49977701335	-10.9427470618	26.3614989693
-9.64407401819	-10.9889735354	26.6979743618
-9.77856396991	-11.0046521163	27.0457241272
-9.90117278456	-10.9879200718	27.4005116116
-10.0098475133	-10.9373972523	27.7576729186
-10.1026024872	-10.8522798511	28.1121925688
-10.1775702236	-10.7324226833	28.4588030871
-10.2330554696	-10.5784034501	28.7921066641
-10.2675902676	-10.3915627013	29.1067150722
-10.279987511	-10.1740141053	29.3974020618
-10.2693901704	-9.92862120677	29.6592607282
-10.235313274	-9.65893903658	29.8878570948
-10.1776758503	-9.36912155839	30.0793706155
-10.0968204211	-9.06379874184	30.2307126234
-9.99351825318	-8.74792970673	30.339615
-9.86895939854	-8.42664055758	30.40468342
-9.72472751444	-8.10505692163	30.4254122484
-9.56276045516	-7.78814162015	30.4021612043
-9.38529857166	-7.48054728223	30.336096892
-9.19482344272	-7.18649214117	30.2291048851
-8.99399031256	-6.90966496122	30.083679922
-8.78555777743	-6.65316234128	29.9028027757
-8.57231823381	-6.41945888062	29.6898124472
-8.35703229849	-6.21040819129	29.4482815933
-8.14236988777	-6.02727074884	29.1819017417
-7.93085997388	-5.87076322984	28.8943831007
-7.72485029947	-5.74112332619	28.5893719146
-7.52647760215	-5.63818399482	28.2703865481
-7.33764824141	-5.56145157189	27.9407719944
-7.16002857446	-5.51018299889	27.6036713588
-6.9950440169	-5.48345841286	27.2620121208
-6.8438854565	-5.48024640572	26.9185045872
-6.70752155142	-5.49946024893	26.5756498566
-6.58671542117	-5.54000423928	26.2357547563
-6.48204430298	-5.60081001041	25.9009514905
-6.39392087373	-5.68086316463	25.5732201005
-6.32261510282	-5.77922091954	25.2544122161
-6.26827568449	-5.89502165823	24.946274937
-6.23095028186	-6.02748734724	24.6504739936
-6.2106039884	-6.17591977391	24.3686155921
-6.20713556695	-6.33969148104	24.102266534
-6.22039115836	-6.5182321665	23.8529723303
-6.25017525918	-6.71101118734	23.6222730956
-6.29625885199	-6.91751667936	23.411717033
-6.35838463473	-7.13723168503	23.222871296
-6.43626933976	-7.36960758567	23.0573299614
-6.52960316435	-7.61403506607	22.9167187648
-6.63804635452	-7.8698128078	22.8026961499
-6.76122299985	-8.13611411847	22.7169500658
-6.89871211171	-8.41195176453	22.6611898266
-7.05003607699	-8.69614139094	22.6371322292
-7.21464660839	-8.98726408963	22.646481018
-7.39190835651	-9.2836289244	22.6908987131
-7.5810804133	-9.58323653684	22.7719697866
-7.78129602566	-9.88374534598	22.8911542205
-7.99154095769	-10.1824423061	23.0497306212
-8.21063109253	-10.476220688	23.2487283529
-8.43719005208	-10.7615678682	23.4888486009
-8.66962783369	-11.0345666066	23.7703749423
-8.90612171099	-11.2909136918	24.0930749005
-9.14460090907	-11.5259600594	24.4560951086
-9.38273682411	-11.7347764178	24.8578541004
-9.61794078347	-11.912247934	25.2959383197
-9.84737149852	-12.0532005058	25.767008597
-10.0679543992	-12.1525594597	26.266725909
-10.2764149053	-12.2055391102	26.7897064737
-10.4693273258	-12.2078585034	27.3295168425
-10.6431804436	-12.1559749948	27.8787192945
-10.7944598987	-12.0473233692	28.4289762043
-10.9197462457	-11.8805444712	28.9712188989
-11.0158260683	-11.6556843872	29.4958817997
-11.0798119002	-11.3743438061	29.9931965513
-11.1092650908	-11.0397579394	30.4535338978
-11.1023143756	-10.6567907752	30.8677741236
-11.0577620156	-10.2318335686	31.227681002
-10.9751691709	-9.77260594913	31.5262505555
-10.8549128487	-9.28786792578	31.7580054885
-10.6982083564	-8.7870610259	31.919209451
-10.5070936234	-8.27990522265	32.0079822319
-10.2843747833	-7.77598372491	32.0243067394
-10.0335356775	-7.28434910015	31.969929788
-9.75861701973	-6.8131812875	31.8481695264
-9.4640734465	-6.36952134827	31.6636511139
-9.15461823668	-5.95909550255	31.4219977172
-8.83506596327	-5.58623372044	31.1295054817
-8.51018273898	-5.2538775096	30.7928290046
-8.18455221605	-4.96366388262	30.418698832
-7.8624633827	-4.71606757494	30.0136857965
-7.54782380193	-4.5105815908	29.5840198825
-7.24409958081	-4.34591674518	29.1354648231
-6.95428129725	-4.22020337524	28.673244513
-6.68087350505	-4.13118202423	28.2020138959
-6.42590435697	-4.07637391115	27.7258652306
-6.19095131239	-4.05322581013	27.2483602936
-5.97717876216	-4.05922720029	26.7725797611
-5.78538360597	-4.09200003013	26.301182325
-5.61604524839	-4.1493631491	25.8364676913
-5.46937703846	-4.22937447103	25.3804392099
-5.34537678172	-4.33035438268	24.9348633324
-5.24387454181	-4.45089394261	24.501324285
-5.16457648189	-4.5898511683	24.0812732607
-5.10710395053	-4.74633829619	23.6760720768
-5.0710273851	-4.91970240701	23.2870316652
-5.05589488729	-5.10950129785	22.915445987
-5.06125552835	-5.31547599126	22.5626220574
-5.08667757464	-5.53752082306	22.2299067496
-5.13176189948	-5.77565165424	21.9187109665
-5.19615087496	-6.02997241131	21.630531636
-5.27953302859	-6.30063987333	21.3669718215
-5.38164371307	-6.58782638807	21.1297590462
-5.50226198057	-6.89168001456	20.920761717
-5.64120378397	-7.21228145097	20.7420032913
-5.79831155067	-7.54959702143	20.5956735577
-5.97344009774	-7.90342696657	20.4841361
-6.16643878462	-8.2733483248	20.4099306657
-6.37712973864	-8.65865182076	20.3757687748
-6.60528194685	-9.05827241936	20.3845204818
-6.8505809941	-9.47071358895	20.4391897533
-7.11259425359	-9.89396588282	20.5428754677
-7.39073141651	-10.325421235	20.6987146278
-7.68420039836	-10.7617854144	20.9098040598
-7.99195889996	-11.198992425	21.1790967432
-8.31266225246	-11.6321262856	21.5092691049
-8.64460865577	-12.0553575598	21.9025562688
-8.98568354617	-12.4619041327	22.3605535762
-9.33330560483	-12.8440279008	22.8839848815
-9.68437783443	-13.1930809476	23.4724413807
-10.0352481457	-13.4996160215	24.124099176
-10.3816849333	-13.7535761269	24.8354294175
-10.7188740527	-13.944576113	25.6009214554
-11.0414442587	-14.0622845594	26.412846431
-11.3435282888	-14.0969063905	27.2610951278
-11.6188660989	-14.0397552098	28.133128285
-11.86095501	-13.8838896605	29.014078112
-12.0632484751	-13.6247714153	29.8870345551
-12.2194007691	-13.2608860339	30.7335373735
-12.3235492956	-12.7942552867	31.5342747417
-12.3706198947	-12.2307646438	32.2699619916
-12.3566343696	-11.5802362298	32.9223435096
-12.2789945556	-10.8561978776	33.4752320583
-12.1367148878	-10.0753324524	33.9154795656
-11.9305766443	-9.2566342388	34.2337680994
-11.6631824037	-8.42034341549	34.4251233467
-11.3388985049	-7.58676612575	34.4890853186
-10.963685267	-6.77510766632	34.429517124
-10.5448275069	-6.00244456799	34.2540833833
-10.090589213	-5.28293781741	33.9734744054
-9.60982407347	-4.62734967524	33.6004813965
-9.11157663365	-4.04287976902	33.1490367207
-8.60470694718	-3.53329254463	32.6333219997
-8.09756550693	-3.09927583918	32.067020771
-7.59773654015	-2.73895340968	31.4627592184
-7.11185822711	-2.44847255314	30.8317458941
-6.64551965971	-2.22259807427	30.1835951278
-6.20322750117	-2.05526085003	29.5263018377
-5.78843083605	-1.94002826618	28.866327874
-5.40359057907	-1.87048119372	28.208760104
-5.05027964053	-1.84049584047	27.5575056176
-4.72930126052	-1.84443808577	26.9154971294
-4.44081494305	-1.87728311284	26.2848898546
-4.18446176003	-1.93467514934	25.6672385112
-3.95948309896	-2.0129419103	25.0636490019
-3.76482898009	-2.10907681269	24.4749035778
-3.59925376335	-2.22069989624	23.9015610344
-3.46139837664	-2.34600611599	23.3440350262
-3.34985915058	-2.48370755085	22.8026542297
-3.2632439906	-2.63297423821	22.277708146
-3.20021701536	-2.79337684088	21.7694820434
-3.15953299792	-2.96483316826	21.2782840783
-3.14006301495	-3.14755966915	20.8044671242
-3.14081268037	-3.34202833902	20.348447343
-3.16093424624	-3.54892899173	19.9107211022
-3.19973372079	-3.76913648877	19.4918814823
-3.25667399758	-4.00368226109	19.0926353344
-3.33137482393	-4.25372926742	18.7138216292
-3.42361026828	-4.52054938309	18.3564316722
-3.53330417976	-4.80550208476	18.0216316324
-3.66052397026	-5.11001317052	17.7107877228
-3.80547289029	-5.43555212057	17.4254942712
-3.96848081332	-5.78360654816	17.1676048014
-4.1499933868	-6.15565200776	16.9392660975
-4.3505592489	-6.55311521317	16.7429550219
-4.57081484532	-6.97732847248	16.5815175715
-4.81146620804	-7.42947287771	16.4582092635
-5.07326687501	-7.91050751003	16.3767353994
-5.35699093851	-8.42108166771	16.3412890234
-5.66340001143	-8.96142694159	16.356583427
-5.99320270445	-9.5312259277	16.4278748014
-6.34700502677	-10.1294545888	16.5609690706
-6.72524998297	-10.754195911	16.7622050174
-7.12814457578	-11.402423757	17.0384035682
-7.5555724939	-12.0697579609	17.3967705956
-8.00699104061	-12.7501950657	17.8447380364
-8.48131144311	-13.4358240306	18.3897258496
-8.97676270186	-14.1165430715	19.0388059421
-9.49074073883	-14.7798027666	19.7982495609
-10.0196469416	-15.4104116092	20.6729430074
-10.5587234084	-15.990452735	21.6656644529
-11.101896341	-16.4993731778	22.776228858
-11.6416440247	-16.9143171033	24.0005301414
-12.1689113326	-17.2107779761	25.3295405889
-12.6730979969	-17.3636360342	26.748366053
-13.1421518007	-17.3486204706	28.2354977408
-13.5627986676	-17.1441847953	29.7624390536
-13.9209372804	-16.7337068868	31.293906071
-14.202214241	-16.1078272197	32.7887864365
-14.3927755389	-15.2666352383	34.2019776336
-14.4801615089	-14.2213321661	35.4871034323
-14.4542785746	-12.9949741751	36.5999342501
-14.3083481346	-11.6219659796	37.5021437716
-14.0397099191	-10.1461465087	38.1648729497
-13.6503535781	-8.61756636787	38.5715053259
-13.1470748571	-7.08834284867	38.7191315579
-12.5412016562	-5.60820717024	38.6184020597
-11.8479022076	-4.22044988355	38.2917858473
-11.0851569752	-2.95888466211	37.7705786937
-10.2725297439	-1.84621182991	37.0912343694
-9.42989795251	-0.893849956918	36.2916638082
-8.57629315295	-0.103016021674	35.4080542732
-7.72896543983	0.533350589941	34.4725564217
-6.90273383685	1.02827873295	33.5119508592
-6.10963257987	1.39847124265	32.5472077857
-5.35882219762	1.66230421858	31.5937322994
-4.656709556	1.83826290057	30.6620475316
-4.00721231034	1.94384409336	29.7586881597
-3.41210666997	1.99488002086	28.8871299867
-2.87140800089	2.0052010421	28.0486427957
-2.38374709659	1.98654576481	27.2430079892
-1.94671781045	1.94863553208	26.4690827391
-1.5571824762	1.89934653778	25.7252178675
-1.2115295748	1.84493056366	25.0095500155
-0.905883560953	1.79025107204	24.3201934372
-0.636270097653	1.7390137986	23.6553562881
-0.398741708028	1.69397999182	23.0134031111
-0.189469538043	1.6571565503	22.3928810454
-0.00480692920936	1.62996120241	21.792523101
0.158669883953	1.61336320137	21.2112381588
0.304139215694	1.60800128989	20.6480943587
0.434525423114	1.61428130515	20.1023002446
0.552501011317	1.63245600537	19.5731863598
0.660496510723	1.6626896759	19.0601888155
0.760715827241	1.70510992008	18.5628355871
0.855155236525	1.75984882421	18.080735803
0.945624595294	1.82707544318	17.6135720185
1.03376968008	1.90702130631	17.1610953275
1.12109484271	2.00000040341	16.7231231232
1.20898539878	2.10642488446	16.2995393309
1.29872934734	2.22681749669	15.8902969862
1.39153816228	2.36182158864	15.495423098
1.48856650491	2.51220933238	15.1150258127
1.59093078766	2.67888864897	14.7493039809
1.69972657379	2.86290916503	14.398559308
1.81604483292	3.06546737524	14.0632113591
1.94098708715	3.28791103147	13.743815774
2.07567948158	3.5317426161	13.4410861359
2.22128579503	3.79862157776	13.1559200255
2.37901937331	4.09036480186	12.8894298799
2.55015391616	4.40894454442	12.6429793561
2.73603297899	4.75648276233	12.4182259686
2.93807795732	5.13524041091	12.2171708191
3.15779420268	5.54759983201	12.0422162399
3.39677476561	5.99603780414	11.8962321187
3.65670106947	6.48308614981	11.7826315071
3.9393395775	7.01127597543	11.7054558054
4.24653321729	7.58306064411	11.6694692685
4.58018595997	8.20071144974	11.6802617122
4.94223850895	8.86617869701	11.7443569668
5.33463252776	9.5809095599	11.8693226643
5.75926023097	10.3456128244	12.0638741467
6.21789549031	11.1599596548	12.3379613882
6.71210190676	12.0222092508	12.7028225861
7.24311264116	12.9287492951	13.1709812441
7.81167630656	13.8735443343	13.7561550489
8.41786310933	14.8474919521	14.4730347693
9.06082599361	15.8376984485	15.3368804797
9.7385132391	16.8267046891	16.3628721752
10.4473323841	17.7917208761	17.5651452381
11.1817712333	18.7039676281	18.9554430314
11.9339908728	19.5282696212	20.5413362375
12.6934187476	20.2231031776	22.3240007142
13.4463871906	20.7413505033	24.2956227853
14.1758835219	21.0320419015	26.4366208228
14.8614993599	21.0433442937	28.7130339077
15.4796838532	20.7269433211	31.0746137709
16.0044098	20.0437333965	33.4543191202
16.4083421597	18.9703644787	35.7699736612
16.6645443916	17.5057369699	37.9287107763
16.7486636494	15.6761051853	39.8344033683
16.641407803	13.5372397184	41.3975579613
16.3309909945	11.1723250653	42.5462723573
15.8151244016	8.68505138589	43.2361146738
15.1021171	6.1885903824	43.4565591765
14.2107644283	3.79243681211	43.2321809096
13.1689316667	1.58990309764	42.6181129062
12.0110288098	-0.351045232914	41.6908610875
10.7748214055	-1.99194805011	40.5368016782
9.49814445993	-3.3228465604	39.2410563326
8.2160453579	-4.35730986409	37.8788885937
6.9587098357	-5.12539073316	36.5106600801
5.75029977881	-5.66636896591	35.1802597067
4.60863290434	-6.02259173428	33.9161689782
3.54551044048	-6.23502032714	32.7340656072
2.56745736372	-6.34051691423	31.6399847808
1.67665993592	-6.37056680238	30.6333563183
0.871937262091	-6.35101356472	29.709551964
0.14964217941	-6.30240964966	28.8618213593
-0.495563003497	-6.24067520143	28.0826455205
-1.07007422329	-6.17785888879	27.364607842
-1.58085268984	-6.1228794676	26.7009014263
-2.03505536762	-6.08218750767	26.08558209
-2.43976858162	-6.06032509703	25.5136554991
-2.80182423316	-6.06038289803	24.9810642146
-3.12768009965	-6.08436434347	24.4846205086
-3.42334852403	-6.13347052481	24.0219151324
-3.69436072411	-6.20831952916	23.5912207285
-3.94575660461	-6.30911254369	23.19140059
-4.18209219852	-6.43575704706	22.8218281611
-4.40745868338	-6.58795539709	22.4823192975
-4.62550835475	-6.76526534036	22.173077254
-4.83948405331	-6.9671374854	21.8946491972
-5.05224939652	-7.19293358905	21.6478924107
-5.26631781577	-7.44192857051	21.4339480639
-5.48387889124	-7.7132984477	21.2542202792
-5.70682084689	-8.00609585338	21.1103581697
-5.93674834754	-8.3192144111	21.0042384645
-6.1749949539	-8.65134302434	20.9379462488
-6.42262976094	-9.00091105687	20.9137512175
-6.68045789053	-9.36602546954	20.9340766648
-6.94901464843	-9.74440124783	21.0014582277
-7.22855330837	-10.1332869283	21.1184892069
-7.51902667036	-10.5293877351	21.2877491472
-7.82006277684	-10.9287897896	21.5117123495
-8.13093547811	-11.3268900591	21.7926332034
-8.45053093621	-11.7183381476	22.1324057983
-8.77731165735	-12.0969976293	22.532396326
-9.10928025455	-12.4559362677	22.9932484991
-9.44394585586	-12.7874559309	23.5146647046
-9.77829686337	-13.0831740083	24.0951690114
-10.1087845779	-13.3341682343	24.7318624475
-10.4313229435	-13.5311955369	25.4201860181
-10.7413102028	-13.6649923093	26.1537123616
-11.0336784135	-13.7266578687	26.923992066
-11.302976359	-13.7081145451	27.7204844838
-11.5434901776	-13.6026269724	28.5306041089
-11.7494038571	-13.4053504695	29.3399108058
-11.9149985183	-13.1138654329	30.1324641497
-12.0348852098	-12.7286437067	30.8913482029
-12.1042610595	-12.2533868324	31.5993536052
-12.1191736368	-11.6951778073	32.2397807753
-12.0767740538	-11.0643996352	32.7973047277
-11.975536612	-10.3743959862	33.2588231549
-11.8154225494	-9.6408797341	33.614199931
-11.5979682679	-8.88112949215	33.8568198969
-11.3262843903	-8.11304608407	33.9838890906
-11.0049605597	-7.35416332724	33.9964454407
-10.6398808364	-6.62071523823	33.8990830145
-10.2379642766	-5.92685268266	33.6994306824
-9.80685311722	-5.28407847861	33.4074559264
-9.35457565336	-4.70093643374	33.0346808919
-8.88921173139	-4.18295403646	32.5933986076
-8.4185859619	-3.7328075682	32.0959643077
-7.95000812253	-3.35065721631	31.5542145535
-7.49007303191	-3.03459029845	30.9790411722
-7.04452475856	-2.78111203602	30.3801231737
-6.61818348631	-2.5856325494	29.7658014146
-6.21492839262	-2.44291224629	29.1430693973
-5.83772677799	-2.3474421793	28.5176489833
-5.48869831812	-2.2937488242	27.8941205456
-5.16920336873	-2.27662273979	27.2760813038
-4.87994530583	-2.29127734203	26.6663114748
-4.62107850945	-2.33344783919	26.0669340288
-4.39231544243	-2.39944185696	25.4795593549
-4.19302808388	-2.48615314207	24.9054105621
-4.0223405897	-2.59104861486	24.3454283619
-3.87921139221	-2.71213744709	23.8003565876
-3.7625039977	-2.8479291183	23.2708106222
-3.67104650976	-2.99738576652	22.7573315499
-3.60368043544	-3.15987270601	22.260428943
-3.55929966249	-3.33510977821	21.7806150176
-3.53688067407	-3.52312522912	21.3184325661
-3.53550512957	-3.72421304412	20.8744787049
-3.55437592103	-3.93889408457	20.4494261011
-3.59282773738	-4.16788092429	20.0440430099
-3.65033305607	-4.41204594456	19.6592131647
-3.72650434492	-4.6723919841	19.2959563212
-3.82109310884	-4.95002463013	18.9554500564
-3.93398626097	-5.24612505845	18.6390532534
-4.06520014072	-5.56192216678	18.3483315422
-4.21487234332	-5.89866258484	18.0850848077
-4.38325136747	-6.25757697729	17.8513766938
-4.57068392845	-6.63984087737	17.6495658058
-4.77759962335	-7.04652810083	17.4823380256
-5.0044924711	-7.4785545987	17.3527389705
-5.25189868386	-7.93661042931	17.264205124
-5.5203698584	-8.42107739482	17.220591512
-5.81044061204	-8.93192983795	17.2261929546
-6.12258953463	-9.4686161996	17.2857548673
-6.45719220113	-10.0299192888	17.4044682895
-6.8144649099	-10.6137939432	17.5879422863
-7.19439781323	-11.2171820231	17.8421451294
-7.59667623422	-11.8358066915	18.173303817
-8.02058927995	-12.4639509182	18.5877497182
-8.46492544377	-13.0942293461	19.0916967444
-8.927855834	-13.7173682815	19.6909379438
-9.40680707875	-14.3220156802	20.3904474933
-9.8983279389	-14.8946114473	21.1938786435
-10.3979562897	-15.4193575446	22.1029553863
-10.9000964152	-15.8783360905	23.1167676238
-11.3979203827	-16.2518297668	24.2309973743
-11.8833113211	-16.5188993876	25.4371272919
-12.3468701278	-16.6582645364	26.721711348
-12.7780095687	-16.6495105307	28.0658175942
-13.1651596649	-16.4746052469	29.4447782877
-13.4961042231	-16.1196518261	30.8283941357
-13.7584589834	-15.5767322874	32.181725875
-13.9402863138	-14.8456239253	33.4665575686
-14.0308200749	-13.9351139094	34.6435269585
-14.0212494584	-12.8636214562	35.6747948544
-13.9054866582	-11.6588831096	36.5269885294
-13.6808263033	-10.3565750263	37.1740381806
-13.3484011756	-8.99792504751	37.5994716226
-12.9133535628	-7.62656981411	37.7977728473
-12.3846751879	-6.28508306692	37.7745521702
-11.7747159758	-5.01168569889	37.545491987
-11.0984129481	-3.83761427194	37.1342654723
-10.3723330805	-2.78547962732	36.5698088915
-9.61364773519	-1.86873570846	35.8834113132
-8.83915653252	-1.09216495821	35.1060544015
-8.06445737509	-0.453128036791	34.2663141009
-7.30332444126	0.0567474732332	33.3889738212
-6.56731724981	0.449754240719	32.4943454373
-5.86561010076	0.740414621483	31.5981844567
-5.20500762853	0.944065946203	30.7120310424
-4.59010027106	1.07578670939	29.84380247
-4.02351157301	1.14966122446	28.9984885694
-3.50619429327	1.17833891537	28.1788421269
-3.0377409724	1.17282607866	27.3859975555
-2.6166842673	1.14244601404	26.6199855824
-2.24077123916	1.09491093375	25.8801363618
-1.90720302187	1.0364605297	25.1653786757
-1.61283666671	0.972033940849	24.4744506199
-1.35434960596	0.905452248336	23.8060397021
-1.12836942053	0.839596841084	23.1588696343
-0.931572794367	0.776575038018	22.5317488271
-0.760758011129	0.717868547383	21.9235927241
-0.612895355277	0.664463106769	21.3334292637
-0.485159509073	0.616959373302	20.7603942417
-0.374947620835	0.575666143814	20.2037212902
-0.27988624437	0.540677520839	19.6627295969
-0.197829867849	0.511935872617	19.1368113165
-0.126853293803	0.489282479431	18.6254197967
-0.0652397164794	0.472497690868	18.1280591797
-0.0114659757446	0.461332287758	17.6442755853
0.0358138506056	0.45553158003	17.1736498591
0.0777856235481	0.454853597096	16.7157917608
0.115492420903	0.459082552866	16.2703354053
0.149851434099	0.468038600942	15.8369357655
0.181670150783	0.481584741118	15.4152660512
0.211661609817	0.499631598847	15.0050158014
0.24045860872	0.522140675609	14.6058895582
0.268626815409	0.549126560471	14.2176060159
0.296676789915	0.580658500913	13.8398975647
0.325074961015	0.616861653258	13.4725101756
0.354253630239	0.657918268608	13.115203592
0.384620094076	0.704069017551	12.7677518116
0.416564986424	0.755614614688	12.4299438617
0.45046994925	0.81291787078	12.1015848848
0.486714741403	0.876406274573	11.7824975666
0.52568389472	0.946575186858	11.4725239551
0.567773023934	1.02399171476	11.1715277345
0.613394893017	1.10929932348	10.8793970385
0.662985336063	1.20322323446	10.5960479049
0.717009125903	1.3065766524	10.3214285009
0.775965878553	1.42026785686	10.0555242766
0.840396076383	1.54530818699	9.79836423811
0.910887287443	1.6828209379	9.55002857326
0.988080652489	1.83405117278	9.3106579132
1.07267770452	2.00037643429	9.08046457145
1.1654475775	2.18331830829	8.85974617335
1.26723465057	2.38455474975	8.64890217324
1.37896666049	2.60593301918	8.44845385633
1.50166329636	2.84948299192	8.25906853951
1.63644526592	3.11743048411	8.08158882179
1.78454378774	3.41221007604	7.91706789148
1.94731041657	3.73647669262	7.76681207375
2.12622704417	4.09311490178	7.6324319956
2.32291582993	4.48524449191	7.51590395026
2.53914869613	4.91622035675	7.41964324622
2.77685586219	5.38962401336	7.34659150593
3.03813267731	5.90924315773	7.30032000084
3.32524372535	6.47903446831	7.28515111377
3.64062279965	7.10306333643	7.30629982069
3.98686685333	7.78541226989	7.37003654777
4.36672139498	8.53004732192	7.48387169422
4.78305398768	9.34062901285	7.65676023755
5.23881149019	10.2202508634	7.89932177048
5.73695542751	11.1710849955	8.22406653542
6.28036838431	12.1939106337	8.64561084788
6.87172260925	13.2874984647	9.18085491482
7.5133001948	14.4478229277	9.84908155045
8.20675246809	15.6670776897	10.6719148537
8.95278499025	16.9324799682	11.6730531695
9.75075448804	18.2248716137	12.8776613665
10.5981662006	19.5171650106	14.3112766247
11.4900660816	20.7727470145	15.9980564626
12.4183341749	21.9440507879	17.9581906557
13.3709058362	22.9716357216	20.2043312692
14.3309788247	23.7842708897	22.7369975357
15.2763080312	24.3006679495	25.5391206362
16.1787440231	24.4335927819	28.5702371785
17.004228899	24.0969996407	31.7613173847
17.7135059731	23.2164466265	35.0117520268
18.2638000385	21.7422550462	38.1904352601
18.6116455392	19.6636717768	41.1428583373
18.716848163	17.0209328515	43.7053111965
18.5472566318	13.9111842729	45.7254727046
18.0836493959	10.4844835184	47.0861173952
17.3237328082	6.92817213016	47.7263078847
16.2841767404	3.44155753799	47.6536652818
14.9999148201	0.206704372165	46.9431713408
13.5205937754	-2.63682223691	45.7222024409
11.9048521741	-5.00660101462	44.1462772786
10.2137068553	-6.87872544611	42.3728676138
8.50446362511	-8.27794075642	40.5402103821
6.82622318696	-9.26163897931	38.7550085107
5.21743697033	-9.90318347424	37.0891922862
3.70537492588	-10.2783745181	35.5833311721
2.30699998147	-10.4565816248	34.2534714176
1.03064182085	-10.496283393	33.0986979987
-0.122050700529	-10.4438698729	32.1077766368
-1.15423261777	-10.334417604	31.2642090502
-2.07225111639	-10.1933968624	30.5496758137
-2.884365691	-10.0386272083	29.94614874
-3.59979184272	-9.88210688964	29.4370356722
-4.22802334742	-9.73155552784	29.0076852085
-4.77837656546	-9.59163480668	28.6455026838
-5.25970238958	-9.46487390964	28.339851557
-5.68021954159	-9.35234999008	28.0818519152
-6.04743258643	-9.25417712169	27.8641429364
-6.36810703996	-9.16985121481	27.6806463671
-6.64828145745	-9.09848948384	27.5263494693
-6.89330226009	-9.03899420941	27.3971149182
-7.10787145502	-8.99016295829	27.2895190555
-7.29610060534	-8.95076140095	27.2007168089
-7.46156668491	-8.91957029269	27.1283302484
-7.60736704568	-8.89541480955	27.0703573661
-7.73617182207	-8.87718198883	27.0250977899
-7.85027283875	-8.86383027901	26.9910924835
-7.95162858277	-8.85439396896	26.9670749078
-8.04190512139	-8.84798439615	26.9519315417
-8.12251304887	-8.84378922321	26.9446700377
-8.1946406663	-8.84107064487	26.9443936215
-8.25928366416	-8.83916308799	26.950280614
-8.31727160654	-8.83747075888	26.961568183
-8.36929152178	-8.83546524596	26.9775396057
-8.41590889419	-8.83268328459	26.9975144682
-8.45758633323	-8.82872472077	27.0208413355
-8.49470017199	-8.82325066296	27.0468925124
-8.52755522108	-8.81598177971	27.0750605784
-8.55639787695	-8.80669668186	27.1047564273
-8.58142775744	-8.79523031709	27.1354085813
-8.6028080134	-8.78147230191	27.1664635702
-8.62067444225	-8.76536511767	27.1973871897
-8.6351435098	-8.7469021039	27.2276664638
-8.64631936921	-8.72612519209	27.2568121485
-8.65429995149	-8.70312233532	27.2843616212
-8.65918218988	-8.67802460384	27.3098820088
-8.66106643127	-8.65100293199	27.3329734165
-8.66006008135	-8.62226451817	27.3532721264
-8.65628052503	-8.5920488954	27.3704536465
-8.64985736207	-8.56062370485	27.384235503
-8.64093399634	-8.52828021848	27.3943796819
-8.62966861856	-8.49532866825	27.4006946405
-8.61623462353	-8.46209344811	27.4030368265
-8.60082050599	-8.42890826127	27.4013116599
-8.58362928151	-8.39611128818	27.3954739481
-8.56487748218	-8.36404045051	27.3855277249
-8.54479377901	-8.33302884352	27.3715255177
-8.52361728546	-8.30340040356	27.3535670623
-8.50159559727	-8.27546586913	27.3317975009
-8.47898262446	-8.24951908469	27.3064051035
-8.45603627048	-8.2258336846	27.2776185692
-8.43301601189	-8.20466018356	27.2457039619
-8.41018042906	-8.18622348739	27.2109613442
-8.38778473489	-8.17072082713	27.1737211708
-8.36607834412	-8.15832010836	27.1343405014
-8.34530252054	-8.14915865912	27.0931990921
-8.3256881344	-8.14334235156	27.0506954153
-8.30745355612	-8.14094506721	27.0072426564
-8.29080270723	-8.14200847178	26.9632647253
-8.27592328368	-8.14654206329	26.9191923139
-8.26298516164	-8.1545234576	26.8754590263
-8.25213899124	-8.16589887682	26.8324975974
-8.2435149798	-8.18058380905	26.7907362116
-8.23722186272	-8.19846381249	26.7505949286
-8.2333460577	-8.21939544206	26.7124822154
-8.23195099614	-8.2432072824	26.6767915853
-8.23307662476	-8.26970107785	26.6438983378
-8.23673907007	-8.29865295603	26.6141563955
-8.24293045867	-8.3298147481	26.5878952347
-8.25161888761	-8.36291541442	26.5654169058
-8.26274854029	-8.39766258984	26.5469931448
-8.27623994525	-8.43374426665	26.5328625807
-8.29199037739	-8.47083063713	26.5232280476
-8.30987440336	-8.50857611895	26.5182540169
-8.32974457492	-8.54662158794	26.5180641712
-8.35143227622	-8.58459684136	26.5227391478
-8.37474873274	-8.62212331255	26.5323144862
-8.39948619072	-8.6588170534	26.5467788217
-8.42541927699	-8.69429199506	26.5660723732
-8.45230654879	-8.7281634898	26.5900857767
-8.47989224289	-8.76005212712	26.6186593233
-8.50790823132	-8.78958780674	26.65158266
-8.53607618886	-8.81641403854	26.6885950149
-8.56410997383	-8.84019242683	26.7293860053
-8.59171821913	-8.86060728241	26.7735970819
-8.61860712546	-8.87737029254	26.8208236579
-8.64448344216	-8.89022516585	26.8706179596
-8.66905761453	-8.89895215768	26.922492621
-8.69204706885	-8.90337237158	26.9759250325
-8.71317959912	-8.90335172607	27.0303624291
-8.73219681181	-8.89880447182	27.0852276893
-8.74885757782	-8.88969614565	27.1399257872
-8.7629414346	-8.87604585213	27.1938508214
-8.77425187635	-8.85792777401	27.2463935197
-8.78261946612	-8.83547182701	27.2969490984
-8.78790470221	-8.80886339407	27.3449253346
-8.79000057139	-8.77834209746	27.3897506963
-8.788834724	-8.74419959376	27.4308823658
-8.78437121098	-8.70677640608	27.4678139833
-8.77661173049	-8.66645783725	27.5000829444
-8.76559634116	-8.62366903782	27.5272770874
-8.75140361083	-8.57886932977	27.5490406252
-8.73415018272	-8.53254591149	27.565079192
-8.7139897556	-8.48520708892	27.5751639043
-8.69111148893	-8.43737519189	27.5791343594
-8.66573785923	-8.38957934201	27.5769005307
-8.63812200751	-8.34234823948	27.5684435468
-8.6085446307	-8.29620313005	27.5538153767
-8.57731048064	-8.25165110118	27.5331374697
-8.54474454269	-8.20917883891	27.5065984281
-8.51118797231	-8.16924695442	27.4744508088
-8.47699387052	-8.13228496442	27.43700717
-8.44252297991	-8.09868698247	27.3946354867
-8.40813938017	-8.06880815079	27.3477540679
-8.37420625723	-8.04296181636	27.2968261025
-8.34108181314	-8.02141743072	27.242353962
-8.3091153749	-8.00439913229	27.1848733723
-8.27864375064	-7.99208495291	27.1249475585
-8.24998787087	-7.98460657765	27.0631614486
-8.22344974155	-7.98204957873	27.0001160069
-8.19930972526	-7.98445404059	26.9364227485
-8.1778241568	-7.9918154932	26.8726984704
-8.15922329044	-8.00408607507	26.8095602202
-8.1437095689	-8.02117585409	26.7476205044
-8.13145619742	-8.04295424438	26.6874827311
-8.12260600211	-8.06925146874	26.629736868
-8.11727054878	-8.09986002946	26.5749552899
-8.11552949684	-8.13453616372	26.5236887849
-8.11743016353	-8.17300127421	26.4764626868
-8.1229872746	-8.21494333888	26.4337730977
-8.13218288103	-8.26001831746	26.3960831712
-8.14496642467	-8.30785158406	26.3638194286
-8.16125494061	-8.35803942641	26.3373680866
-8.18093338919	-8.41015066132	26.3170713853
-8.2038551164	-8.46372842366	26.303223915
-8.22984244713	-8.51829219108	26.2960689505
-8.25868742152	-8.57334010995	26.2957948181
-8.29015269037	-8.62835168784	26.3025313316
-8.32397259011	-8.68279091545	26.3163463506
-8.35985442265	-8.73610987458	26.3372425293
-8.39747996784	-8.78775287979	26.3651543387
-8.43650725904	-8.83716118791	26.3999454602
-8.47657265192	-8.88377829343	26.4414066599
-8.51729321607	-8.92705580731	26.4892542656
-8.5582694752	-8.96645989319	26.543129373
-8.599088517	-9.00147820843	26.6025979126
-8.63932748614	-9.03162726877	26.6671517053
-8.6785574644	-9.05646012516	26.7362106264
-8.71634773048	-9.07557421093	26.8091259852
-8.75227037852	-9.08861918898	26.8851852019
-8.78590525957	-9.09530460244	26.9636178377
-8.81684519386	-9.09540711132	27.0436029954
-8.8447013856	-9.08877708355	27.1242780683
-8.8691089554	-9.07534430254	27.2047487648
-8.88973249011	-9.05512255803	27.2841002895
-8.9062714969	-9.02821290161	27.3614095069
-8.91846563738	-8.99480537567	27.4357578677
-8.9260996112	-8.9551790626	27.5062448319
-8.92900755634	-8.90970035011	27.5720014857
-8.92707683572	-8.85881936629	27.6322040236
-8.92025108878	-8.80306460204	27.6860867539
-8.9085324401	-8.74303580577	27.7329542861
-8.89198277667	-8.67939530176	27.7721925763
-8.87072402918	-8.61285794562	27.8032785357
-8.84493742082	-8.54417998437	27.8257879565
-8.81486167718	-8.47414713075	27.8394015645
-8.78079022254	-8.40356218939	27.8439090726
-8.74306741922	-8.33323258439	27.8392111847
-8.70208393574	-8.26395813306	27.8253195655
-8.65827135547	-8.19651938976	27.8023548658
-8.6120961589	-8.1316668479	27.770542952
-8.5640532278	-8.07011124104	27.7302095398
-8.51465902912	-8.01251512725	27.6817734736
-8.46444463894	-7.95948587964	27.6257389178
-8.41394876301	-7.91157014295	27.5626867367
-8.363710901	-7.86924975544	27.4932653396
-8.31426478645	-7.83293907992	27.4181812526
-8.26613221579	-7.80298364035	27.3381896542
-8.21981735825	-7.77965992215	27.2540850807
-8.17580161464	-7.76317616695	27.1666924682
-8.13453906987	-7.75367397591	27.0768586625
-8.09645256047	-7.75123052892	26.9854444809
-8.06193035732	-7.75586122993	26.8933173792
-8.03132344458	-7.7675225998	26.8013447357
-8.0049433601	-7.78611525506	26.7103877352
-7.9830605496	-7.81148683387	26.6212958104
-7.96590317803	-7.84343475579	26.5349015749
-7.9536563358	-7.88170873023	26.4520161684
-7.94646157524	-7.92601295703	26.373424923
-7.94441671342	-7.97600799094	26.2998832544
-7.94757584117	-8.03131226992	26.2321126799
-7.95594948405	-8.09150333277	26.1707968684
-7.96950486892	-8.15611877656	26.1165776336
-7.98816625968	-8.22465702598	26.0700507911
-8.01181533631	-8.29657800726	26.031761814
-8.04029160341	-8.37130383602	26.0022012356
-8.07339282667	-8.44821964397	25.9817997681
-8.1108755084	-8.52667468028	25.970923127
-8.15245542559	-8.60598383262	25.9698665755
-8.19780826629	-8.6854297168	25.9788492298
-8.24657041134	-8.76426548454	25.9980081962
-8.29833991866	-8.84171849343	26.0273926418
-8.35267777614	-8.91699497234	26.0669579353
-8.40910949576	-8.98928579756	26.1165600245
-8.46712712594	-9.05777346941	26.1759502542
-8.52619176029	-9.12164034553	26.2447708554
-8.58573661881	-9.18007814478	26.3225513642
-8.64517077141	-9.23229868511	26.4087062503
-8.70388356278	-9.2775457604	26.502534042
-8.76124978254	-9.31510799617	26.6032182396
-8.8166356039	-9.34433245516	26.7098302882
-8.86940528903	-9.36463869277	26.8213348566
-8.9189286294	-9.37553289441	26.9365976155
-8.9645890559	-9.37662166518	27.0543956446
-9.00579231683	-9.36762499309	27.1734305123
-9.04197558446	-9.34838787457	27.2923439725
-9.07261681347	-9.31889008106	27.4097361079
-9.09724414023	-9.27925356137	27.5241856342
-9.11544508234	-9.22974702027	27.6342719542
-9.12687527613	-9.17078728923	27.7385984421
-9.13126647744	-9.1029372105	27.8358163393
-9.12843355075	-9.02689988596	27.9246485715
-9.11828018427	-8.94350929218	28.0039127519
-9.10080309506	-8.85371742358	28.0725426344
-9.07609452791	-8.75857828703	28.1296073116
-9.04434290382	-8.65922922204	28.1743275293
-9.00583153565	-8.55687015029	28.2060885977
-8.96093539711	-8.45274145686	28.2244495253
-8.91011600309	-8.34810126533	28.2291481577
-8.85391452931	-8.24420288601	28.2201022831
-8.79294336498	-8.14227318913	28.1974068324
-8.7278763474	-8.04349258627	28.1613274623
-8.65943797128	-7.94897719898	28.1122909458
-8.58839189405	-7.85976366219	28.0508728962
-8.51552907087	-7.77679686188	27.9777834213
-8.44165584997	-7.70092075247	27.893851335
-8.36758234022	-7.63287224994	27.8000075471
-8.29411133119	-7.57327806061	27.6972682163
-8.22202800413	-7.52265419118	27.5867181867
-8.15209062284	-7.48140779569	27.4694951469
-8.08502234012	-7.44984095412	27.3467748547
-8.02150420152	-7.4281559435	27.2197576748
-7.96216937572	-7.41646155497	27.0896565787
-7.90759859364	-7.41478002452	26.9576866684
-7.85831673673	-7.42305417862	26.8250562059
-7.81479048092	-7.44115444165	26.6929590658
-7.77742687699	-7.46888540774	26.5625684765
-7.74657273007	-7.50599173931	26.4350318764
-7.72251463099	-7.55216321582	26.3114666854
-7.70547948947	-7.60703881593	26.1929567782
-7.69563542212	-7.67020977259	26.0805494367
-7.69309285717	-7.74122159233	25.9752525634
-7.69790573068	-7.81957507682	25.8780319429
-7.7100726653	-7.90472642673	25.7898083489
-7.72953804144	-7.9960865448	25.7114543118
-7.75619289178	-8.09301968892	25.6437903766
-7.78987557149	-8.19484165536	25.5875807051
-7.83037217988	-8.30081770014	25.5435278959
-7.8774167319	-8.41016043139	25.5122669268
-7.93069110185	-8.52202792842	25.4943581529
-7.98982478451	-8.63552236415	25.4902793316
-8.05439454247	-8.7496894245	25.5004166879
-8.12392403068	-8.86351883213	25.5250550823
-8.19788351082	-8.97594628872	25.5643673997
-8.27568978861	-9.08585714916	25.6184033418
-8.35670652467	-9.19209212912	25.687077877
-8.44024508511	-9.29345532179	25.7701596727
-8.52556610878	-9.38872475719	25.8672599203
-8.61188197362	-9.47666567505	25.9778220342
-8.69836034376	-9.55604659801	26.1011127835
-8.78412896919	-9.62565818464	26.2362154733
-8.86828189073	-9.68433471036	26.3820258357
-8.9498871727	-9.73097787307	26.537251308
-9.02799624273	-9.76458245189	26.700414356
-9.10165486365	-9.78426317048	26.869860442
-9.16991569433	-9.78928194082	27.0437711288
-9.23185231898	-9.77907450274	27.2201826538
-9.28657453736	-9.75327534347	27.3970100987
-9.33324461797	-9.71173969667	27.572077024
-9.37109412584	-9.65456139783	27.7431501523
-9.39944085304	-9.58208542484	27.9079783738
-9.41770531022	-9.49491408893	28.0643350425
-9.42542618809	-9.39390606332	28.2100622553
-9.42227417561	-9.28016773986	28.3431155771
-9.40806353204	-9.15503677205	28.4616075331
-9.38276085604	-9.02005807434	28.5638481361
-9.34649057787	-8.8769529714	28.6483807845
-9.29953681722	-8.72758259275	28.714012042
-9.24234139477	-8.5739069541	28.7598340973
-9.17549795071	-8.41794142324	28.7852390735
-9.09974229796	-8.26171241391	28.7899247902
-9.01593930956	-8.10721416951	28.7738920351
-8.92506679555	-7.95636839161	28.7374338438
-8.82819695516	-7.81098824456	28.6811176766
-8.7264760841	-7.67274795213	28.6057616946
-8.6211032709	-7.5431588232	28.5124065452
-8.51330882613	-7.42355213754	28.4022841747
-8.40433315727	-7.31506892202	28.2767851751
-8.29540673375	-7.21865628456	28.1374260773
-8.18773168883	-7.13506966964	27.9858178234
-8.08246548691	-7.06488017151	27.8236364224
-7.98070695537	-7.00848589509	27.6525965406
-7.88348484934	-6.96612628819	27.4744285121
-7.79174899323	-6.93789837392	27.2908590142
-7.7063639313	-6.92377387581	27.103595431
-7.62810492575	-6.92361633543	26.9143137535
-7.55765606671	-6.93719745812	26.7246497244
-7.49561020586	-6.96421207102	26.5361928408
-7.44247039237	-7.00429122912	26.3504827685
-7.39865247605	-7.0570131484	26.169007694
-7.36448854328	-7.1219117745	25.9932041368
-7.3402308664	-7.19848290818	25.8244577592
-7.32605607058	-7.28618790217	25.6641047351
-7.32206925374	-7.38445502001	25.5134332729
-7.32830783037	-7.4926786076	25.3736849181
-7.34474490809	-7.61021627532	25.2460552945
-7.37129204481	-7.7363843261	25.1316939721
-7.40780127294	-7.87045169689	25.0317031763
-7.45406631534	-8.01163270981	24.9471350736
-7.50982295478	-8.15907895885	24.8789873963
-7.57474855519	-8.31187069019	24.828197187
-7.64846076869	-8.46900807104	24.795632473
-7.73051549893	-8.62940278352	24.7820817148
-7.82040422739	-8.79187042747	24.7882409151
-7.91755084739	-8.95512426644	24.8146983365
-8.0213081893	-9.11777090263	24.8619168491
-8.13095446063	-9.27830851438	24.9302140308
-8.24568986601	-9.43512832843	25.0197402626
-8.36463371225	-9.58652002029	25.1304552102
-8.48682234305	-9.73068173096	25.2621032552
-8.61120828184	-9.86573534632	25.4141886327
-8.73666098829	-9.98974759547	25.5859512411
-8.86196964901	-10.1007573757	25.7763443025
-8.98584842168	-10.1968094949	25.9840152529
-9.106944529	-10.2759947336	26.2072914111
-9.22384954946	-10.336495763	26.4441720894
-9.33511417081	-10.3766380311	26.6923288376
-9.43926655684	-10.3949442468	26.9491154348
-9.53483432583	-10.3901905996	27.2115890221
-9.62036995321	-10.3614623742	27.4765434026
-9.6944791953	-10.3082062116	27.7405550031
-9.75585189693	-10.2302759908	28.0000413077
-9.80329430631	-10.1279692009	28.2513307803
-9.83576179578	-10.0020508128	28.4907424165
-9.85239069748	-9.8537620496	28.7146722089
-9.85252783269	-9.68481213088	28.9196830366
-9.83575626251	-9.49735198242	29.1025939007
-9.8019158345	-9.29393001396	29.2605641138
-9.75111725245	-9.07743128034	29.3911680665
-9.68374865524	-8.85100253819	29.4924565819
-9.60047404353	-8.61796676863	29.5630016041
-9.50222331604	-8.38173153765	29.601922014
-9.3901741382	-8.14569601515	29.6088896024
-9.2657263259	-7.91316151964	29.5841155573
-9.13046984527	-7.68725009223	29.5283190855
-8.98614786997	-7.47083487806	29.4426808671
-8.83461657078	-7.26648509328	29.3287848376
-8.67780342303	-7.07642719689	29.1885522422
-8.51766580041	-6.90252269777	29.0241719954
-8.35615149015	-6.746261923	28.8380311435
-8.19516253343	-6.60877215189	28.6326487191
-8.03652349528	-6.49083783958	28.410615597
-7.88195492971	-6.39293024225	28.1745421871
-7.73305246096	-6.31524360331	27.9270150273
-7.5912715752	-6.2577351335	27.6705626374
-7.45791793103	-6.22016626702	27.4076304003
-7.33414276463	-6.20214304294	27.1405637929
-7.22094279246	-6.20315389091	26.8715989818
-7.1191639023	-6.222603544	26.6028596308
-7.02950786647	-6.25984222139	26.3363587097
-6.95254130196	-6.31418959455	26.0740041243
-6.88870613122	-6.38495335733	25.8176070737
-6.83833085383	-6.47144245908	25.5688921665
-6.80164201436	-6.57297523156	25.3295084588
-6.77877533608	-6.6888827539	25.1010407131
-6.76978607786	-6.8185078635	24.8850202917
-6.77465825642	-6.96120024749	24.6829351966
-6.79331245553	-7.11630804959	24.4962388422
-6.82561201494	-7.28316641224	24.3263571934
-6.87136745467	-7.46108335291	24.1746939287
-6.93033904449	-7.64932335581	24.0426332949
-7.00223747562	-7.84708905215	23.9315403081
-7.08672263328	-8.05350137085	23.8427579385
-7.18340050703	-8.26757857124	23.7776008887
-7.29181831345	-8.4882146247	23.737345554
-7.41145794458	-8.71415749599	23.7232157365
-7.54172789972	-8.9439879881	23.7363636909
-7.68195390856	-9.17609995728	23.7778461087
-7.83136851343	-9.40868287359	23.8485947223
-7.98909994945	-9.63970789064	23.9493813291
-8.15416074357	-9.86691878592	24.0807772273
-8.3254365478	-10.0878293228	24.2431073169
-8.5016758253	-10.2997287461	24.4363994741
-8.68148111739	-10.4996972231	24.660330249
-8.86330272796	-10.6846330497	24.914168473
-9.04543576013	-10.8512933091	25.1967189724
-9.22602151502	-10.9963493605	25.5062692429
-9.40305429957	-11.1164580031	25.8405426
-9.57439466992	-11.208348375	26.1966619111
-9.73779004043	-11.2689235971	26.5711284473
-9.89090339609	-11.2953748728	26.9598205713
-10.0313505438	-11.2853042666	27.3580167736
-10.156745916	-11.2368508118	27.7604468971
-10.2647564056	-11.1488131036	28.1613741643
-10.3531620754	-11.0207603077	28.5547088226
-10.4199218987	-10.8531228012	28.9341519149
-10.4632419889	-10.6472536733	29.2933650027
-10.4816431573	-10.4054532265	29.6261588751
-10.4740241643	-10.1309505238	29.926691694
-10.4397168002	-9.82783886491	30.1896650325
-10.3785290067	-9.500965648	30.4105052111
-10.2907726708	-9.15578100898	30.5855175129
-10.1772735046	-8.79815346928	30.7120023707
-10.0393615011	-8.43416403587	30.7883254094
-9.87884175457	-8.06989232784	30.8139369878
-9.6979468119	-7.71120902246	30.7893411812
-9.49927303295	-7.36358810808	30.7160184015
-9.28570454046	-7.03195022342	30.5963095301
-9.06032910876	-6.72054508926	30.4332720761
-8.82635070681	-6.43287718016	30.2305202128
-8.58700335415	-6.17167487179	29.9920605392
-8.34547050591	-5.93889981775	29.7221342129
-8.10481343709	-5.73579061677	29.4250740261
-7.86791115506	-5.56293311945	29.1051824304
-7.6374133515	-5.42034901652	28.7666338505
-7.415706918	-5.3075945303	28.4134021852
-7.20489567923	-5.22386189056	28.0492124037
-7.00679230036	-5.16807756931	27.6775137085
-6.82292082726	-5.13899273826	27.3014708791
-6.65452801836	-5.13526289975	26.9239700566
-6.5026015065	-5.15551498482	26.5476352837
-6.36789285433	-5.1984013249	26.1748524457
-6.25094370139	-5.26264075234	25.8077977575
-6.15211340648	-5.34704767281	25.4484685019
-6.07160683312	-5.45055030745	25.0987142837
-6.00950118055	-5.57219946617	24.7602675587
-5.96577100911	-5.71116923082	24.4347726156
-5.94031083128	-5.86675084022	24.1238125082
-5.93295483217	-6.03834091723	23.8289336642
-5.94349344068	-6.22542498978	23.5516680426
-5.97168659559	-6.42755705799	23.2935527818
-6.01727364183	-6.64433576507	23.0561472924
-6.07997985415	-6.87537755328	22.8410477088
-6.15951962407	-7.12028703774	22.6498985365
-6.25559636543	-7.37862471691	22.4844012199
-6.36789920058	-7.64987206656	22.346319219
-6.49609648718	-7.93339403915	22.2374790276
-6.63982624238	-8.22839902122	22.1597663934
-6.79868352026	-8.53389639463	22.1151168213
-6.9722048077	-8.84865201354	22.1054992635
-7.15984952828	-9.17114215715	22.1328917392
-7.36097879117	-9.49950685872	22.199247495
-7.57483159792	-9.83150395175	22.3064502494
-7.80049883331	-10.1644657178	22.4562570892
-8.03689552175	-10.4952606617	22.6502277423
-8.28273203575	-10.8202636621	22.8896393026
-8.53648519838	-11.1353385081	23.1753860671
-8.79637052935	-11.4358375773	23.5078650442
-9.06031723414	-11.7166240369	23.8868489299
-9.32594791441	-11.9721223318	24.3113499758
-9.59056535615	-12.1964026885	24.7794801648
-9.85114908938	-12.3833047212	25.2883153998
-10.1043646526	-12.5266037668	25.8337738384
-10.346588564	-12.6202211197	26.4105208133
-10.5739518196	-12.6584757802	27.0119145783
-10.7824042156	-12.6363706989	27.6300079466
-10.9678008639	-12.5499010306	28.2556202016
-11.1260108806	-12.3963661057	28.8784909645
-11.2530464031	-12.1746614443	29.4875226522
-11.3452079072	-11.8855232156	30.0711107248
-11.3992394381	-11.5316961657	30.6175515214
-11.4124851108	-11.1179982387	31.1155070795
-11.3830364236	-10.6512614747	31.5544963993
-11.3098589287	-10.1401392402	31.9253749536
-11.1928869599	-9.59478347809	32.2207606468
-11.0330766117	-9.02641067526	32.4353662291
-10.8324100181	-8.44678921444	32.5662058169
-10.5938479377	-7.86769118594	32.6126559488
-10.3212322625	-7.30035651697	32.5763676551
-10.019144688	-6.75501541693	32.4610426819
-9.69273176086	-6.24050694188	32.2721014419
-9.34750927896	-5.76401853915	32.0162800948
-8.98916020498	-5.33095619923	31.7011980725
-8.6233398044	-4.944940013	31.3349353131
-8.25549982526	-4.60790780856	30.9256515687
-7.89074062359	-4.32030157034	30.4812702625
-7.53369671827	-4.08130795405	30.0092385756
-7.18845784185	-3.88912493388	29.5163655462
-6.85852455105	-3.74123038652	29.0087321834
-6.5467951346	-3.6346339382	28.4916625006
-6.25557901496	-3.56609946215	27.9697418996
-5.98663105968	-3.53233128691	27.4468690527
-5.7412010824	-3.53012188313	26.926328697
-5.52009316247	-3.55646229277	26.4108749064
-5.3237300755	-3.60861885548	25.9028169045
-5.1522189535	-3.68418103411	25.404101905
-5.00541516156	-3.78108557744	24.9163915807
-4.88298220315	-3.897622125	24.441130448
-4.78444619533	-4.03242487061	23.9796056937
-4.70924406286	-4.18445422433	23.5329988081
-4.65676507901	-4.3529716705	23.102429892
-4.62638573816	-4.5375102883	22.6889957515
-4.61749819317	-4.73784272853	22.2938029636
-4.62953264671	-4.95394784629	21.917997041
-4.66197416667	-5.18597668039	21.5627886927
-4.71437441804	-5.43421804179	21.2294780114
-4.78635878041	-5.69906361797	20.9194772181
-4.87762926417	-5.98097220566	20.6343323925
-4.98796355832	-6.28043244233	20.3757443982
-5.11721044672	-6.59792320891	20.1455889766
-5.26528172294	-6.93387071824	19.9459357343
-5.43214062247	-7.28860118479	19.7790654559
-5.6177866787	-7.66228789786	19.647484846
-5.82223680062	-8.05489150254	19.5539374139
-6.04550227081	-8.4660923516	19.5014087604
-6.28756127889	-8.89521395446	19.4931239942
-6.54832654645	-9.3411368567	19.5325344055
-6.82760757747	-9.80220278547	19.6232898574
-7.12506709827	-10.2761096541	19.7691926571
-7.44017135385	-10.7597991034	19.9741279969
-7.77213412881	-11.2493397421	20.2419654938
-8.11985469013	-11.7398111922	20.5764260474
-8.48185034034	-12.2251964981	20.9809083745
-8.85618495611	-12.69829338	21.4582704189
-9.2403957985	-13.1506581172	22.0105626948
-9.63142203038	-13.5725992492	22.6387138479
-10.0255397523	-13.9532413522	23.3421736638
-10.4183099123	-14.2806811697	24.1185256506
-10.804547038	-14.5422583848	24.9630901934
-11.1783181727	-14.7249601496	25.8685497255
-11.5329823704	-14.8159708414	26.8246384006
-11.8612812175	-14.8033653791	27.8179485996
-12.1554896336	-14.6769253538	28.8319127077
-12.4076332057	-14.4290330373	29.8470177357
-12.6097731888	-14.0555715211	30.8412992671
-12.754353022	-13.5567344127	31.7911375049
-12.8345911611	-12.9376320076	32.6723416329
-12.8448952458	-12.2085797413	33.4614624556
-12.7812636953	-11.3849748126	34.1372245307
-12.641634807	-10.4867102136	34.6819284049
-12.4261423477	-9.53713812446	35.0826529828
-12.1372419254	-8.56166620158	35.332096987
-11.779684353	-7.58613519004	35.4289401001
-11.3603294367	-6.63516814358	35.3776730476
-10.8878133074	-5.73068849917	35.1879274672
-10.3721008266	-4.89077349088	34.8734121067
-9.823968093	-4.12894852204	34.4506141635
-9.2544661359	-3.4539527596	33.9374428691
-8.67441479827	-2.86993459234	33.3519761563
-8.09396677768	-2.37698263472	32.7114289832
-7.52226836338	-1.97187131172	32.031407357
-6.96722865821	-1.64889931839	31.3254591746
-6.43539572423	-1.40071798057	30.6048917643
-5.93192794987	-1.21907570755	29.8788010459
-5.46064272563	-1.09543582611	29.1542481147
-5.02412203568	-1.02145210214	28.4365221542
-4.62385504233	-0.989306175376	27.7294391085
-4.26040015563	-0.991923457046	27.035639051
-3.93355248577	-1.02308985785	26.356858466
-3.64250622298	-1.07749279393	25.6941648272
-3.38600488008	-1.15070805565	25.0481491933
-3.16247519763	-1.23915078746	24.4190780853
-2.97014275662	-1.34000504698	23.8070091091
-2.80712898565	-1.45114281175	23.211876239
-2.67153036826	-1.57104019359	22.6335509502
-2.5614813508	-1.69869610772	22.0718849622
-2.47520282649	-1.83355670779	21.5267395743
-2.41103821462	-1.97544746574	20.9980056773
-2.36747913973	-2.12451374999	20.4856176592
-2.34318260076	-2.28117004689	19.989563656
-2.33698134537	-2.44605749707	19.509893973
-2.34788896054	-2.62000911616	19.0467290081
-2.3751009761	-2.80402188622	18.6002676503
-2.41799306711	-2.99923480215	18.1707968632
-2.47611724062	-3.20691190453	17.7587030005
-2.54919670701	-3.42842930615	17.36448529
-2.63711996692	-3.66526520385	16.9887718743
-2.73993449061	-3.91899184731	16.6323387689
-2.85784022628	-4.19126839969	16.2961321033
-2.99118304362	-4.48383356047	15.9812940144
-3.14044809531	-4.79849672037	15.6891925722
-3.30625295782	-5.13712627055	15.4214561052
-3.48934028909	-5.50163348742	15.1800122601
-3.69056960892	-5.89395014981	14.967132047
-3.91090766301	-6.31599771216	14.7854789683
-4.15141666793	-6.7696454507	14.6381630827
-4.4132395462	-7.25665452112	14.5287994629
-4.69758104369	-7.77860432536	14.4615699283
-5.00568337186	-8.33679700677	14.4412861005
-5.33879473535	-8.9321353238	14.4734506617
-5.6981287942	-9.56496867451	14.564312103
-6.08481278223	-10.2349017885	14.7209061334
-6.49982168286	-10.9405607716	14.9510741791
-6.94389559173	-11.6793120738	15.263445972
-7.41743723993	-12.4469319667	15.6673691042
-7.92038671261	-13.2372278038	16.1727637371
-8.45207082173	-14.0416183752	16.7898757603
-9.01102557707	-14.8486898314	17.5288973034
-9.5947920025	-15.6437566752	18.3994208509
-10.1996884698	-16.4084747089	19.4096942111
-10.8205670937	-17.1205743909	20.5656509695
-11.4505678234	-17.7538073718	21.8697082969
-12.0808917782	-18.2782225073	23.319354931
-12.7006248511	-18.6609039475	24.9056000151
-13.2966527608	-18.8673030415	26.6114190669
-13.8537177889	-18.8632647961	28.4104122911
-14.3546724896	-18.6177747876	30.2659700659
-14.7809827194	-18.106324458	32.1312972399
-15.1135168932	-17.3146148823	33.9506482317
-15.3336266922	-16.2421165077	35.6620316886
-15.4244756737	-14.9048280065	37.2014308157
-15.372510907	-13.3365072686	38.5082602259
-15.1689105432	-11.5877587466	39.5314009602
-14.8107953635	-9.72269326308	40.2348352548
-14.3019851535	-7.81338991781	40.6017804016
-13.6531256299	-5.93295125653	40.6364007843
-12.8811081926	-4.14835806979	40.362661264
-12.0078331803	-2.5144267162	39.8205435792
-11.0584925339	-1.06989129504	39.0604578475
-10.05963241	0.16392752319	38.1370292857
-9.03727641667	1.18203613139	37.1034242084
-8.01534516186	1.99291737917	36.0070520122
-7.01451890776	2.61478106145	34.8870047283
-6.05158891084	3.07172349968	33.7731540003
-5.13925766979	3.39037381197	32.6865359044
-4.28629452161	3.59732322977	31.6405459457
-3.49793274647	3.71739451889	30.6425007168
-2.77640001994	3.7726534716	29.6952332625
-2.12149467078	3.78199339352	28.7985174396
-1.53114586435	3.76111396452	27.9502261912
-1.00191988146	3.72274071526	27.1472055178
-0.529453821793	3.67696899064	26.3858906672
-0.10881154055	3.63165333718	25.6627111103
0.265234947223	3.59279356376	24.974334947
0.597990808877	3.56489074923	24.3177987781
0.894680802912	3.55126106661	23.6905608037
1.16033882928	3.55430418114	23.0905059981
1.39973536447	3.57572790456	22.5159241747
1.61733461848	3.61673317425	21.965475205
1.81727447405	3.67816430108	21.4381506589
2.00336345676	3.76062947117	20.9332375218
2.1790900582	3.86459611352	20.4502871537
2.34764066373	3.99046519445	19.989091025
2.5119231168	4.13862789913	19.5496637509
2.67459359504	4.30950756983	19.1322333696
2.83808499252	4.50358921245	18.7372385191
3.00463541451	4.72143836381	18.3653320573
3.17631570944	4.96371062525	18.0173906605
3.35505520102	5.23115270766	17.694529972
3.54266495168	5.52459538874	17.3981249186
3.74085799539	5.84493834759	17.1298348316
3.95126603061	6.19312640693	16.8916329801
4.17545206824	6.57011627547	16.6858400285
4.41491848896	6.97683243925	16.5151607308
4.67110988399	7.41411040718	16.3827228595
4.94540993631	7.88262508387	16.2921168848
5.23913145107	8.38280164794	16.2474342517
5.55349847075	8.91470599989	16.2533011778
5.88961922367	9.47791167934	16.3149036967
6.24844846923	10.0713402407	16.4379981234
6.63073764638	10.6930725676	16.6288992186
7.0369711385	11.3401297022	16.8944360647
7.46728699488	12.0082237341	17.2418631091
7.9213806688	12.6914824537	17.6787111492
8.39839084729	13.382156209	18.2125605605
8.89676738346	14.070322065	18.8507173526
9.41412285161	14.7436092387	19.599772545
9.94707149032	15.3869808787	20.4650280977
10.4910624292	15.9826201119	21.4497797866
11.0402181974	16.5099816026	22.5544608134
11.5871945379	16.9460811948	23.7756713368
12.1230832036	17.266101563	25.1051495768
12.6373850396	17.4443856727	26.5287790961
13.1180851029	17.4558656664	28.0257707429
13.5518631592	17.2779263818	29.5681987507
13.9244694815	16.8926269692	31.1210958301
14.2212852303	16.2891046632	32.6433048912
14.4280671735	15.4658759838	34.0892279854
14.5318480546	14.4326593199	35.4114952509
14.5219291811	13.2113054983	36.5644027952
14.3908668128	11.8354759346	37.507766601
14.135327725	10.3488711468	38.2106620442
13.7566820672	8.80207189251	38.6544305399
13.2612210497	7.24835503815	38.834389923
12.6599344486	5.73909909069	38.7598971278
11.9678509128	4.31951217667	38.4527368542
11.2030170392	3.02534909189	37.9441551398
10.3852502444	1.88105020626	37.2711148965
9.53483024062	0.899411221747	36.4724460333
8.67128833873	0.0825837630249	35.5854832308
7.81241788116	-0.576001197431	34.6435794692
6.9735759733	-1.08926537586	33.6746355842
6.16729183838	-1.47409774577	32.7005723047
5.40315287997	-1.74925478042	31.7375361313
4.68791211393	-1.93370702374	30.7965811327
4.02575020016	-2.04547121919	29.884585828
3.41862805823	-2.10088522475	29.0052183623
2.86667672993	-2.11424104948	28.1598277368
2.36858495199	-2.09768038352	27.3481966749
1.92195841844	-2.06126506421	26.5691349277
1.52363607017	-2.01315178186	25.8209194417
1.16995728497	-1.95981900665	25.1016024135
0.856979655808	-1.90631080288	24.4092136319
0.58065060994	-1.85647538619	23.7418832086
0.336938010327	-1.81318585121	23.0979075478
0.121925624173	-1.77853697992	22.4757770411
-0.0681206362362	-1.7540161668	21.8741795751
-0.236710189292	-1.74064895298	21.2919900528
-0.387104065661	-1.73912100649	20.7282529716
-0.522305759744	-1.74987902482	20.1821626729
-0.645063086252	-1.77321324922	19.6530441134
-0.757878102549	-1.80932424798	19.140335771
-0.863022717091	-1.85837646065	18.6435754883
-0.962558091447	-1.92054076509	18.162389541
-1.05835635881	-1.99602807291	17.6964849325
-1.15212353022	-2.08511569908	17.2456447694
-1.24542274711	-2.18816799923	16.809726532
-1.33969727232	-2.30565253047	16.3886630674
-1.43629279813	-2.43815276933	15.9824661874
-1.53647879525	-2.5863782143	15.5912328268
-1.64146873716	-2.75117250852	15.2151538002
-1.75243911429	-2.9335200369	14.854525285
-1.87054720656	-3.1345512772	14.5097632482
-1.99694761362	-3.35554701115	14.1814211237
-2.13280755337	-3.59794132214	13.8702111383
-2.27932093025	-3.86332311304	13.5770297715
-2.43772114853	-4.15343566109	13.3029879198
-2.60929259979	-4.47017347616	13.0494464115
-2.79538068742	-4.81557542981	12.8180575814
-2.99740016166	-5.19181276186	12.6108136513
-3.21684142168	-5.60117013074	12.4301026553
-3.45527429259	-6.04601733653	12.2787725784
-3.71434859698	-6.52876869274	12.1602041964
-3.99579060656	-7.05182623901	12.0783927789
-4.3013941698	-7.61750206237	12.0380382539
-4.63300495906	-8.22791393368	12.0446425633
-4.99249585652	-8.88484729562	12.1046116067
-5.38173100043	-9.58957542958	12.2253572482
-5.80251544335	-10.3426285145	12.4153921241
-6.25652675046	-11.1435015081	12.684406233
-6.74522422622	-11.990290714	13.0433092715
-7.26973087501	-12.8792501334	13.5042162073
-7.83068280084	-13.804262102	14.0803455845
-8.42804073096	-14.7562234652	14.7857907459
-9.06085900438	-15.7223601688	15.6351142307
-9.72700912082	-16.6855014327	16.6427066212
-10.422858352	-17.6233713812	17.8218458819
-11.1429096549	-18.507992254	19.1833962881
-11.8794179148	-19.3053385177	20.7341039649
-12.6220099751	-19.9754312878	22.4744872546
-13.3573521064	-20.4731077448	24.3963936092
-14.0689276702	-20.7497230615	26.4804068802
-14.7370072094	-20.7560162878	28.693437958
-15.3389081172	-20.446264123	30.9869995844
-15.8496437178	-19.7836283601	33.2968099727
-16.243042182	-18.7462665674	35.5444186603
-16.4933646206	-17.3333607964	37.6414130007
-16.5773642381	-15.5698337876	39.4963709131
-16.4766111931	-13.5083401693	41.0240707591
-16.1797840907	-11.2273312671	42.1556754803
-15.6845388084	-8.82470022518	42.8479415734
-14.99855495	-6.40762206461	43.0893005032
-14.1394616615	-4.08036881642	42.9011595751
-13.133552377	-1.93262138301	42.3339278337
-12.0134592776	-0.0307412494665	41.4587038199
-10.8151874748	1.58642206573	40.3566932766
-9.57502652072	2.90695738861	39.1088057463
-8.32682812979	3.94155891107	37.7874319562
-7.0999894257	4.71712595927	36.4514343097
-5.91827788721	5.27000564199	35.1443591124
-4.79944953429	5.6401286111	33.8951654763
-3.75549171975	5.86666281699	32.7204862867
-2.79327626607	5.98527366045	31.6275088811
-1.91542127342	6.02674726847	30.6168179906
-1.12120441923	6.01660288426	29.6848298555
-0.407423688884	5.97532724222	28.8256770259
0.230851404226	5.91893797359	28.0325513209
0.799660061162	5.85967344867	27.2985871286
1.30566139991	5.80668563278	26.6173912782
1.7557638232	5.76667096485	25.9833211057
2.15685453736	5.74441237365	25.3915950544
2.51561032099	5.74322775034	24.8382998332
2.83837206393	5.76533152855	24.3203396067
3.13106801039	5.81212066591	23.8353577089
3.39917327594	5.88439724178	23.3816501697
3.64769567253	5.98253898258	22.9580824182
3.88118000353	6.1066274022	22.5640151757
4.1037247434	6.25654148417	22.1992420926
4.31900641748	6.43202320688	21.8639395469
4.53030809642	6.63271981956	21.5586277743
4.74054926873	6.85820662883	21.2841418145
4.95231500474	7.10799312864	21.0416104165
5.16788281713	7.38151456879	20.832440877
5.3892459923	7.67811047943	20.6583077018
5.61813244101	7.99699123258	20.5211428967
5.85601832017	8.33719341739	20.4231255744
6.10413582989	8.69752463767	20.3666683892
6.36347471067	9.07649832116	20.354398061
6.63477707172	9.47225928382	20.38912694
6.91852529293	9.88250115172	20.4738122117
7.21492287881	10.3043773459	20.6114989817
7.52386832552	10.7344082228	20.8052431825
7.84492231525	11.1683881699	21.0580100871
8.17726890072	11.601298004	21.3725443338
8.51967181104	12.0272298951	21.7512079102
8.87042761944	12.4393341743	22.1957837103
9.22731827493	12.8297996374	22.707244293
9.58756641118	13.1898810556	23.2854885343
9.94779787563	13.5099891628	23.9290531608
10.3040170043	13.7798588344	24.634811728
10.6516011874	13.9888098178	25.3976802967
10.9853220504	14.1261104361	26.2103563958
11.299400889	14.1814474452	27.0631249153
11.5876055446	14.1454942424	27.9437699725
11.8433944144	14.0105550137	28.8376337025
12.0601104743	13.7712452005	29.7278593016
12.2312239469	13.4251510078	30.5958446789
12.350616653	12.9733959218	31.4219137862
12.4128945799	12.4210345086	32.1861857427
12.4137085728	11.7771973404	32.8695900883
12.3500574495	11.0549286447	33.4549450765
12.220544569	10.2706905075	33.9279917299
12.0255591629	9.44355073101	34.2782665015
11.7673583197	8.59411857116	34.4997049141
11.4500343448	7.74333381848	34.5908985108
11.0793642922	6.91124033718	34.5549736291
10.6625518967	6.11587852617	34.3991139765
10.2078845597	5.37241089223	34.1337983286
9.72433719291	4.69255573081	33.7718594291
9.2211590467	4.08435510032	33.3274838803
8.70747865206	3.55225578752	32.8152647651
8.19195636561	3.09744507818	32.2493935682
7.68250523687	2.7183621605	31.643043591
7.18609092923	2.41130152423	31.0079619337
6.70861198873	2.17103362932	30.3542579091
6.25485415279	1.99138526469	29.690356073
5.82850726398	1.86574210502	29.0230725204
5.43223074808	1.7874548278	28.3577720904
5.06775315605	1.75014527402	27.6985689795
4.73599236785	1.74791960133	27.0485411872
4.4371850912	1.77550142207	26.4099379327
4.17101672429	1.82830040485	25.7843671724
3.93674509234	1.90243181659	25.1729568156
3.73331376477	1.99470098224	24.5764879485
3.55945248651	2.10256441908	23.9955014612
3.41376367977	2.2240769977	23.4303812187
3.29479501156	2.35783221398	22.8814176844
3.2010987318	2.50290068664	22.3488560129
3.13127892729	2.65877037827	21.8329323452
3.08402807239	2.8252907644	21.3339015561
3.05815434159	3.0026222041	20.8520591619
3.05260112784	3.19119104513	20.3877595654
3.06646011957	3.39165047204	19.9414323516
3.09897915481	3.60484673047	19.5135979599
3.14956591238	3.83179009338	19.1048837511
3.21778833048	4.07362974169	18.716041256
3.3033724716	4.33163158534	18.3479652182
3.40619838297	4.60715792942	18.0017149112
3.52629433762	4.90164777515	17.6785381134
3.66382968137	5.21659642346	17.3798980298
3.81910635558	5.5535329074	17.1075033575
3.99254901076	5.91399360988	16.8633415712
4.18469347067	6.29949021971	16.6497153449
4.39617314558	6.71146993838	16.4692817925
4.62770282486	7.15126557633	16.3250938862
4.88005910001	7.62003288059	16.2206429514
5.15405647806	8.11867213736	16.1599005119
5.45051804399	8.64773083067	16.1473569124
5.77023932266	9.20728397254	16.1880530329
6.11394378765	9.79678874148	16.2875999788
6.48222828303	10.4149104075	16.4521798441
6.87549649548	11.0593173677	16.6885184757
7.2938785827	11.7264447098	17.003818666
7.73713519541	12.4112283779	17.4056394614
8.20454451367	13.1068160921	17.901704576
8.69477167151	13.8042670744	18.4996206755
9.2057212118	14.4922606938	19.2064852951
9.73437516	15.1568445353	20.0283654491
10.2766220975	15.7812649036	20.969633052
10.8270863781	16.3459364978	22.0321538949
11.3789713901	16.8286209856	23.2143450145
11.9239363497	17.2048930873	24.5101424002
12.4520320234	17.4489725554	25.9079574032
12.9517260766	17.5349846439	27.3897438296
13.4100519333	17.438673505	28.9303425403
13.8129140905	17.1395273522	30.4973054783
14.1455754167	16.6231814184	32.0514105298
14.3933360168	15.8838542722	33.5480440752
14.5423878424	14.9264671034	34.9395342575
14.5807957685	13.7680284462	36.1783616162
14.4995190363	12.4378779573	37.220972821
14.2933549284	10.9765024682	38.031721958
13.9616696823	9.43286781861	38.5863263899
13.508789496	7.86051121837	38.8742149115
12.9439616682	6.31293130446	38.8992995136
12.2808586318	4.83900084028	38.6789986037
11.5366728527	3.47913811006	38.2417005634
10.7309193784	2.26279524041	37.6231711912
9.88410696462	1.20751254583	36.8625799485
9.01644752274	0.319450538445	35.9988067729
8.14674782431	-0.404952182061	35.0675216864
7.29157782367	-0.97667582946	34.0992804499
6.46475245836	-1.41164285186	33.1186375622
5.67711292734	-1.72843367097	32.1441042824
4.93655826751	-1.9464148142	31.1886958898
4.24826095934	-2.08436249663	30.260807469
3.61499861374	-2.15956387274	29.3652025756
3.03754236509	-2.18732028819	28.5039644189
2.51505609976	-2.18075521804	27.6773229074
2.04547496798	-2.15083215596	26.8843214883
1.62584425559	-2.10650290972	26.1233219009
1.25260953906	-2.05492601755	25.3923644492
0.921855983396	-2.00171326572	24.68940989
0.629499058484	-1.95117726005	24.0124904148
0.37143142663	-1.90656415216	23.3597946529
0.143631868752	-1.87026332972	22.7297073511
-0.0577576510951	-1.8439908766	22.1208197619
-0.236380973645	-1.82894664424	21.5319225446
-0.395637540705	-1.82594648226	20.9619894523
-0.538668434861	-1.83553202929	20.4101573233
-0.668354794304	-1.85806079575	19.8757058592
-0.787325394448	-1.89377929718	19.3580392223
-0.897970784722	-1.94288185599	18.8566705216
-1.00246189185	-2.0055574649	18.3712096302
-1.10277144915	-2.08202684436	17.9013544187
-1.20069698867	-2.17257155613	17.4468852939
-1.29788444542	-2.27755677106	17.0076628644
-1.39585167798	-2.39744903722	16.5836285509
-1.49601141391	-2.53283015929	16.17480801
-1.59969328845	-2.68440807958	15.7813173087
-1.70816476756	-2.85302544573	15.4033718719
-1.82265083538	-3.03966635486	15.0412983196
-1.94435238732	-3.24546157574	14.6955493976
-2.07446330617	-3.47169236289	14.3667223048
-2.21418621184	-3.71979278248	14.0555808051
-2.3647468689	-3.99135026179	13.7630816039
-2.52740720819	-4.28810384117	13.4904055479
-2.70347687149	-4.61193933882	13.2389942775
-2.89432311822	-4.96488032114	13.0105930135
-3.10137883851	-5.34907338962	12.8073001768
-3.32614829362	-5.76676583304	12.6316245112
-3.57021004757	-6.22027313379	12.4865502688
-3.83521635619	-6.71193314348	12.3756107896
-4.12288803492	-7.24404294259	12.3029704076
-4.43500352568	-7.81877346807	12.2735139665
-4.77338051992	-8.43805594344	12.292942228
-5.13984806227	-9.10343301995	12.3678699774
-5.53620655804	-9.81586642181	12.5059215108
-5.96417254442	-10.575491947	12.7158152247
-6.42530448468	-11.3813121796	13.0074250198
-6.92090525417	-12.2308176503	13.3918009564
-7.45189649378	-13.119529089	13.8811249263
-8.0186597533	-14.0404577547	14.4885690527
-8.62083955344	-14.9834888526	15.2280154512
-9.25710448335	-15.9347062598	16.1135868126
-9.924864661	-16.8756968853	17.1589298599
-10.6199478834	-17.7829014556	18.376191277
-11.3362432406	-18.6271159119	19.7746331224
-12.0653305078	-19.3732923494	21.3588588255
-12.7961266919	-19.9808350581	23.1266698128
-13.5145975286	-20.4046242124	25.0666544971
-14.2036001969	-20.5970078091	27.1557296611
-14.8429409582	-20.5109545145	29.3570029928
-15.4097423138	-20.1044258164	31.6184805916
-15.8792106641	-19.3457830234	33.8732559261
-16.2258679	-18.2196985118	36.0418138315
-16.4252509612	-16.7326474376	38.0368828689
-16.4559906088	-14.9167377633	39.7708185369
-16.3020653243	-12.8305655927	41.164827772
-15.9549153511	-10.5561211136	42.1586089997
-15.4150359274	-8.19156582163	42.7184590857
-14.6926889168	-5.84079440741	42.8418905963
-13.8074994658	-3.60171364865	42.5574671266
-12.7869208841	-1.55567431641	41.9197660712
-11.6637962274	0.23979190153	41.0006887541
-10.4734374145	1.75376782695	39.8792315463
-9.25071689032	2.98039403	38.6319726652
-8.02760579829	3.93412378081	37.3259501403
-6.83143284038	4.64343305721	36.0146511013
-5.68394625062	5.14451423401	34.7369273456
-4.60110020216	5.47599242094	33.5180820694
-3.59339093985	5.67512498198	32.3721989223
-2.66653934767	5.77548393211	31.3049029501
-1.82233701969	5.80585563035	30.3159956368
-1.05951775469	5.79000231991	29.4016657767
-0.374565747226	5.74695319448	28.5561772479
0.237586146944	5.691566912	27.7730578825
0.782984223449	5.63519042591	27.0458728033
1.2682048437	5.58630918707	26.3686820276
1.70001527803	5.55113454874	25.7362751217
2.0851272051	5.53410687204	25.1442587996
2.4300251718	5.53831164	24.5890545854
2.74085381862	5.56581535577	24.0678468665
3.02334997233	5.61793177152	23.5785082533
3.28280815225	5.69542962331	23.1195191768
3.52407029936	5.79869214941	22.6898916284
3.75153248436	5.9278371799	22.2891022064
3.96916295392	6.08280499398	21.917036588
4.18052715792	6.26341967429	21.5739456646
4.38881640956	6.46942842422	21.2604124942
4.59687761102	6.70052226236	20.9773286293
4.80724207616	6.95634064768	20.7258780824
5.02215193331	7.23646189069	20.5075270486
5.24358292905	7.54038064697	20.3240174129
5.47326270084	7.86747335307	20.1773619809
5.71268376606	8.21695214846	20.0698392214
5.9631106043	8.5878076344	20.0039851008
6.22558030731	8.97874077043	19.9825792859
6.50089635362	9.38808432786	20.0086226136
6.78961515105	9.81371464569	20.0853022802
7.09202510051	10.2529550148	20.2159407249
7.40811809194	10.7024729023	20.403923729
7.73755357297	11.1581744737	20.6526029145
8.07961566305	11.6151015147	20.9651677224
8.43316424822	12.0673379101	21.3444822605
8.79658161441	12.5079352736	21.792883345
9.16771698033	12.9288700033	22.3119378808
9.54383228262	13.32104674	22.9021607082
9.92155372837	13.6743655047	23.5626984412
10.296834906	13.9778711079	24.2909907944
10.6649385262	14.2200029514	25.0824283812
11.0204449687	14.3889601414	25.9300345895
11.357296486	14.473189939	26.8242080009
11.6688858313	14.461996223	27.7525694659
11.9481968704	14.3462486473	28.6999622664
12.1880020481	14.1191532912	29.6486523047
12.3811171724	13.7770239816	30.57876544
12.5207078534	13.3199737711	31.4689792478
